-75.7509710,  36.1822252,     2.86,    50.00,   524.00
-75.7508442,  36.1822589,     2.58,    62.00,   524.00
-75.7507175,  36.1822926,     1.96,    74.00,   524.00
-75.7505907,  36.1823263,     1.12,    86.00,   524.00
-75.7504639,  36.1823599,     0.30,    98.00,   524.00
-75.7503372,  36.1823936,    -0.63,   110.00,   524.00
-75.7502104,  36.1824273,    -1.25,   122.00,   524.00
-75.7500836,  36.1824609,    -1.94,   134.00,   524.00
-75.7499569,  36.1824946,    -2.81,   146.00,   524.00
-75.7498301,  36.1825283,    -3.49,   158.00,   524.00
-75.7497033,  36.1825619,    -3.59,   170.00,   524.00
-75.7495765,  36.1825956,    -3.64,   182.00,   524.00
-75.7494498,  36.1826293,    -3.69,   194.00,   524.00
-75.7493230,  36.1826629,    -3.69,   206.00,   524.00
-75.7491962,  36.1826966,    -3.76,   218.00,   524.00
-75.7490695,  36.1827303,    -3.78,   230.00,   524.00
-75.7489427,  36.1827639,    -3.82,   242.00,   524.00
-75.7488159,  36.1827976,    -3.93,   254.00,   524.00
-75.7486892,  36.1828313,    -4.10,   266.00,   524.00
-75.7485624,  36.1828649,    -4.11,   278.00,   524.00
-75.7484356,  36.1828986,    -4.29,   290.00,   524.00
-75.7483089,  36.1829323,    -4.42,   302.00,   524.00
-75.7481821,  36.1829659,    -4.63,   314.00,   524.00
-75.7480553,  36.1829996,    -4.67,   326.00,   524.00
-75.7479285,  36.1830333,    -4.68,   338.00,   524.00
-75.7478018,  36.1830670,    -4.80,   350.00,   524.00
-75.7476750,  36.1831006,    -4.85,   362.00,   524.00
-75.7475482,  36.1831343,    -5.01,   374.00,   524.00
-75.7474215,  36.1831680,    -5.16,   386.00,   524.00
-75.7472947,  36.1832016,    -5.36,   398.00,   524.00
-75.7471679,  36.1832353,    -5.58,   410.00,   524.00
-75.7470412,  36.1832690,    -5.87,   422.00,   524.00
-75.7469144,  36.1833026,    -6.10,   434.00,   524.00
-75.7467876,  36.1833363,    -6.35,   446.00,   524.00
-75.7466609,  36.1833700,    -6.61,   458.00,   524.00
-75.7465341,  36.1834036,    -6.83,   470.00,   524.00
-75.7464073,  36.1834373,    -7.03,   482.00,   524.00
-75.7462805,  36.1834710,    -7.32,   494.00,   524.00
-75.7461538,  36.1835046,    -7.56,   506.00,   524.00
-75.7460270,  36.1835383,    -7.90,   518.00,   524.00
-75.7459002,  36.1835720,    -8.10,   530.00,   524.00
-75.7457735,  36.1836056,    -8.30,   542.00,   524.00
-75.7456467,  36.1836393,    -8.46,   554.00,   524.00
-75.7455199,  36.1836730,    -8.51,   566.00,   524.00
-75.7453932,  36.1837066,    -8.55,   578.00,   524.00
-75.7452664,  36.1837403,    -8.53,   590.00,   524.00
-75.7451396,  36.1837740,    -8.13,   602.00,   524.00
-75.7450129,  36.1838077,    -7.67,   614.00,   524.00
-75.7448861,  36.1838413,    -7.45,   626.00,   524.00
-75.7447593,  36.1838750,    -7.37,   638.00,   524.00
-75.7446325,  36.1839087,    -7.34,   650.00,   524.00
-75.7445058,  36.1839423,    -7.38,   662.00,   524.00
-75.7443790,  36.1839760,    -7.40,   674.00,   524.00
-75.7442522,  36.1840097,    -7.47,   686.00,   524.00
-75.7441255,  36.1840433,    -7.52,   698.00,   524.00
-75.7439987,  36.1840770,    -7.61,   710.00,   524.00
-75.7438719,  36.1841107,    -7.69,   722.00,   524.00
-75.7437452,  36.1841443,    -7.75,   734.00,   524.00
-75.7436184,  36.1841780,    -7.81,   746.00,   524.00
-75.7434916,  36.1842117,    -7.86,   758.00,   524.00
-75.7433649,  36.1842453,    -7.93,   770.00,   524.00
-75.7432381,  36.1842790,    -8.00,   782.00,   524.00
-75.7431113,  36.1843127,    -8.06,   794.00,   524.00
-75.7429845,  36.1843463,    -8.10,   806.00,   524.00
-75.7428578,  36.1843800,    -8.12,   818.00,   524.00
-75.7427310,  36.1844137,    -8.13,   830.00,   524.00
-75.7510541,  36.1824308,     3.22,    50.00,   548.00
-75.7509273,  36.1824645,     3.17,    62.00,   548.00
-75.7508005,  36.1824981,     2.23,    74.00,   548.00
-75.7506738,  36.1825318,     0.85,    86.00,   548.00
-75.7505470,  36.1825655,    -0.15,    98.00,   548.00
-75.7504202,  36.1825991,    -0.96,   110.00,   548.00
-75.7502935,  36.1826328,    -1.63,   122.00,   548.00
-75.7501667,  36.1826665,    -2.41,   134.00,   548.00
-75.7500399,  36.1827001,    -3.11,   146.00,   548.00
-75.7499131,  36.1827338,    -3.53,   158.00,   548.00
-75.7497864,  36.1827675,    -3.82,   170.00,   548.00
-75.7496596,  36.1828011,    -3.75,   182.00,   548.00
-75.7495328,  36.1828348,    -3.52,   194.00,   548.00
-75.7494061,  36.1828685,    -3.19,   206.00,   548.00
-75.7492793,  36.1829021,    -3.04,   218.00,   548.00
-75.7491525,  36.1829358,    -3.03,   230.00,   548.00
-75.7490258,  36.1829695,    -3.08,   242.00,   548.00
-75.7488990,  36.1830031,    -3.15,   254.00,   548.00
-75.7487722,  36.1830368,    -3.24,   266.00,   548.00
-75.7486455,  36.1830705,    -3.33,   278.00,   548.00
-75.7485187,  36.1831042,    -3.51,   290.00,   548.00
-75.7483919,  36.1831378,    -3.54,   302.00,   548.00
-75.7482651,  36.1831715,    -3.63,   314.00,   548.00
-75.7481384,  36.1832052,    -3.76,   326.00,   548.00
-75.7480116,  36.1832388,    -3.85,   338.00,   548.00
-75.7478848,  36.1832725,    -3.96,   350.00,   548.00
-75.7477581,  36.1833062,    -4.11,   362.00,   548.00
-75.7476313,  36.1833398,    -4.24,   374.00,   548.00
-75.7475045,  36.1833735,    -4.42,   386.00,   548.00
-75.7473778,  36.1834072,    -4.60,   398.00,   548.00
-75.7472510,  36.1834408,    -4.80,   410.00,   548.00
-75.7471242,  36.1834745,    -4.94,   422.00,   548.00
-75.7469975,  36.1835082,    -5.14,   434.00,   548.00
-75.7468707,  36.1835418,    -5.30,   446.00,   548.00
-75.7467439,  36.1835755,    -5.47,   458.00,   548.00
-75.7466171,  36.1836092,    -5.65,   470.00,   548.00
-75.7464904,  36.1836428,    -5.80,   482.00,   548.00
-75.7463636,  36.1836765,    -5.97,   494.00,   548.00
-75.7462368,  36.1837102,    -6.16,   506.00,   548.00
-75.7461101,  36.1837438,    -6.27,   518.00,   548.00
-75.7459833,  36.1837775,    -6.43,   530.00,   548.00
-75.7458565,  36.1838112,    -6.55,   542.00,   548.00
-75.7457298,  36.1838449,    -6.67,   554.00,   548.00
-75.7456030,  36.1838785,    -6.78,   566.00,   548.00
-75.7454762,  36.1839122,    -6.90,   578.00,   548.00
-75.7453495,  36.1839459,    -7.01,   590.00,   548.00
-75.7452227,  36.1839795,    -7.10,   602.00,   548.00
-75.7450959,  36.1840132,    -7.13,   614.00,   548.00
-75.7449691,  36.1840469,    -7.13,   626.00,   548.00
-75.7448424,  36.1840805,    -7.17,   638.00,   548.00
-75.7447156,  36.1841142,    -7.21,   650.00,   548.00
-75.7445888,  36.1841479,    -7.26,   662.00,   548.00
-75.7444621,  36.1841815,    -7.33,   674.00,   548.00
-75.7443353,  36.1842152,    -7.41,   686.00,   548.00
-75.7442085,  36.1842489,    -7.46,   698.00,   548.00
-75.7440818,  36.1842825,    -7.54,   710.00,   548.00
-75.7439550,  36.1843162,    -7.61,   722.00,   548.00
-75.7438282,  36.1843499,    -7.69,   734.00,   548.00
-75.7437015,  36.1843835,    -7.76,   746.00,   548.00
-75.7435747,  36.1844172,    -7.83,   758.00,   548.00
-75.7434479,  36.1844509,    -7.91,   770.00,   548.00
-75.7433211,  36.1844845,    -7.96,   782.00,   548.00
-75.7431944,  36.1845182,    -8.05,   794.00,   548.00
-75.7430676,  36.1845519,    -8.10,   806.00,   548.00
-75.7429408,  36.1845856,    -8.13,   818.00,   548.00
-75.7428141,  36.1846192,    -8.13,   830.00,   548.00
-75.7511371,  36.1826363,     3.02,    50.00,   572.00
-75.7510104,  36.1826700,     2.46,    62.00,   572.00
-75.7508836,  36.1827037,     1.74,    74.00,   572.00
-75.7507568,  36.1827373,     0.58,    86.00,   572.00
-75.7506301,  36.1827710,    -0.50,    98.00,   572.00
-75.7505033,  36.1828047,    -1.16,   110.00,   572.00
-75.7503765,  36.1828383,    -1.83,   122.00,   572.00
-75.7502497,  36.1828720,    -2.50,   134.00,   572.00
-75.7501230,  36.1829057,    -3.06,   146.00,   572.00
-75.7499962,  36.1829393,    -3.50,   158.00,   572.00
-75.7498694,  36.1829730,    -3.66,   170.00,   572.00
-75.7497427,  36.1830067,    -3.30,   182.00,   572.00
-75.7496159,  36.1830403,    -2.96,   194.00,   572.00
-75.7494891,  36.1830740,    -2.85,   206.00,   572.00
-75.7493624,  36.1831077,    -2.90,   218.00,   572.00
-75.7492356,  36.1831414,    -3.00,   230.00,   572.00
-75.7491088,  36.1831750,    -3.14,   242.00,   572.00
-75.7489821,  36.1832087,    -3.19,   254.00,   572.00
-75.7488553,  36.1832424,    -3.24,   266.00,   572.00
-75.7487285,  36.1832760,    -3.34,   278.00,   572.00
-75.7486017,  36.1833097,    -3.45,   290.00,   572.00
-75.7484750,  36.1833434,    -3.52,   302.00,   572.00
-75.7483482,  36.1833770,    -3.63,   314.00,   572.00
-75.7482214,  36.1834107,    -3.79,   326.00,   572.00
-75.7480947,  36.1834444,    -3.92,   338.00,   572.00
-75.7479679,  36.1834780,    -3.99,   350.00,   572.00
-75.7478411,  36.1835117,    -4.22,   362.00,   572.00
-75.7477144,  36.1835454,    -4.33,   374.00,   572.00
-75.7475876,  36.1835790,    -4.47,   386.00,   572.00
-75.7474608,  36.1836127,    -4.61,   398.00,   572.00
-75.7473341,  36.1836464,    -4.78,   410.00,   572.00
-75.7472073,  36.1836800,    -4.91,   422.00,   572.00
-75.7470805,  36.1837137,    -5.09,   434.00,   572.00
-75.7469537,  36.1837474,    -5.22,   446.00,   572.00
-75.7468270,  36.1837810,    -5.41,   458.00,   572.00
-75.7467002,  36.1838147,    -5.57,   470.00,   572.00
-75.7465734,  36.1838484,    -5.74,   482.00,   572.00
-75.7464467,  36.1838821,    -5.86,   494.00,   572.00
-75.7463199,  36.1839157,    -6.03,   506.00,   572.00
-75.7461931,  36.1839494,    -6.12,   518.00,   572.00
-75.7460664,  36.1839831,    -6.22,   530.00,   572.00
-75.7459396,  36.1840167,    -6.31,   542.00,   572.00
-75.7458128,  36.1840504,    -6.43,   554.00,   572.00
-75.7456861,  36.1840841,    -6.52,   566.00,   572.00
-75.7455593,  36.1841177,    -6.64,   578.00,   572.00
-75.7454325,  36.1841514,    -6.74,   590.00,   572.00
-75.7453057,  36.1841851,    -6.81,   602.00,   572.00
-75.7451790,  36.1842187,    -6.93,   614.00,   572.00
-75.7450522,  36.1842524,    -7.00,   626.00,   572.00
-75.7449254,  36.1842861,    -7.07,   638.00,   572.00
-75.7447987,  36.1843197,    -7.13,   650.00,   572.00
-75.7446719,  36.1843534,    -7.21,   662.00,   572.00
-75.7445451,  36.1843871,    -7.30,   674.00,   572.00
-75.7444184,  36.1844207,    -7.36,   686.00,   572.00
-75.7442916,  36.1844544,    -7.42,   698.00,   572.00
-75.7441648,  36.1844881,    -7.51,   710.00,   572.00
-75.7440381,  36.1845217,    -7.60,   722.00,   572.00
-75.7439113,  36.1845554,    -7.67,   734.00,   572.00
-75.7437845,  36.1845891,    -7.76,   746.00,   572.00
-75.7436577,  36.1846228,    -7.84,   758.00,   572.00
-75.7435310,  36.1846564,    -7.89,   770.00,   572.00
-75.7434042,  36.1846901,    -7.99,   782.00,   572.00
-75.7432774,  36.1847238,    -8.04,   794.00,   572.00
-75.7431507,  36.1847574,    -8.10,   806.00,   572.00
-75.7430239,  36.1847911,    -8.13,   818.00,   572.00
-75.7428971,  36.1848248,    -8.13,   830.00,   572.00
-75.7512202,  36.1828419,     2.66,    50.00,   596.00
-75.7510934,  36.1828755,     2.43,    62.00,   596.00
-75.7509667,  36.1829092,     1.54,    74.00,   596.00
-75.7508399,  36.1829429,     0.41,    86.00,   596.00
-75.7507131,  36.1829765,    -0.70,    98.00,   596.00
-75.7505863,  36.1830102,    -1.42,   110.00,   596.00
-75.7504596,  36.1830439,    -1.97,   122.00,   596.00
-75.7503328,  36.1830775,    -2.63,   134.00,   596.00
-75.7502060,  36.1831112,    -3.01,   146.00,   596.00
-75.7500793,  36.1831449,    -3.14,   158.00,   596.00
-75.7499525,  36.1831786,    -2.98,   170.00,   596.00
-75.7498257,  36.1832122,    -2.79,   182.00,   596.00
-75.7496990,  36.1832459,    -2.74,   194.00,   596.00
-75.7495722,  36.1832796,    -2.79,   206.00,   596.00
-75.7494454,  36.1833132,    -2.88,   218.00,   596.00
-75.7493187,  36.1833469,    -2.94,   230.00,   596.00
-75.7491919,  36.1833806,    -3.09,   242.00,   596.00
-75.7490651,  36.1834142,    -3.15,   254.00,   596.00
-75.7489383,  36.1834479,    -3.23,   266.00,   596.00
-75.7488116,  36.1834816,    -3.36,   278.00,   596.00
-75.7486848,  36.1835152,    -3.47,   290.00,   596.00
-75.7485580,  36.1835489,    -3.53,   302.00,   596.00
-75.7484313,  36.1835826,    -3.64,   314.00,   596.00
-75.7483045,  36.1836162,    -3.76,   326.00,   596.00
-75.7481777,  36.1836499,    -3.85,   338.00,   596.00
-75.7480510,  36.1836836,    -3.99,   350.00,   596.00
-75.7479242,  36.1837172,    -4.13,   362.00,   596.00
-75.7477974,  36.1837509,    -4.30,   374.00,   596.00
-75.7476707,  36.1837846,    -4.45,   386.00,   596.00
-75.7475439,  36.1838182,    -4.58,   398.00,   596.00
-75.7474171,  36.1838519,    -4.68,   410.00,   596.00
-75.7472903,  36.1838856,    -4.91,   422.00,   596.00
-75.7471636,  36.1839193,    -5.04,   434.00,   596.00
-75.7470368,  36.1839529,    -5.22,   446.00,   596.00
-75.7469100,  36.1839866,    -5.34,   458.00,   596.00
-75.7467833,  36.1840203,    -5.47,   470.00,   596.00
-75.7466565,  36.1840539,    -5.69,   482.00,   596.00
-75.7465297,  36.1840876,    -5.77,   494.00,   596.00
-75.7464030,  36.1841213,    -5.91,   506.00,   596.00
-75.7462762,  36.1841549,    -6.01,   518.00,   596.00
-75.7461494,  36.1841886,    -6.11,   530.00,   596.00
-75.7460227,  36.1842223,    -6.21,   542.00,   596.00
-75.7458959,  36.1842559,    -6.31,   554.00,   596.00
-75.7457691,  36.1842896,    -6.41,   566.00,   596.00
-75.7456423,  36.1843233,    -6.49,   578.00,   596.00
-75.7455156,  36.1843569,    -6.59,   590.00,   596.00
-75.7453888,  36.1843906,    -6.71,   602.00,   596.00
-75.7452620,  36.1844243,    -6.78,   614.00,   596.00
-75.7451353,  36.1844579,    -6.89,   626.00,   596.00
-75.7450085,  36.1844916,    -6.97,   638.00,   596.00
-75.7448817,  36.1845253,    -7.06,   650.00,   596.00
-75.7447550,  36.1845589,    -7.15,   662.00,   596.00
-75.7446282,  36.1845926,    -7.23,   674.00,   596.00
-75.7445014,  36.1846263,    -7.32,   686.00,   596.00
-75.7443746,  36.1846600,    -7.37,   698.00,   596.00
-75.7442479,  36.1846936,    -7.45,   710.00,   596.00
-75.7441211,  36.1847273,    -7.56,   722.00,   596.00
-75.7439943,  36.1847610,    -7.64,   734.00,   596.00
-75.7438676,  36.1847946,    -7.72,   746.00,   596.00
-75.7437408,  36.1848283,    -7.79,   758.00,   596.00
-75.7436140,  36.1848620,    -7.86,   770.00,   596.00
-75.7434873,  36.1848956,    -7.95,   782.00,   596.00
-75.7433605,  36.1849293,    -8.04,   794.00,   596.00
-75.7432337,  36.1849630,    -8.09,   806.00,   596.00
-75.7431070,  36.1849966,    -8.11,   818.00,   596.00
-75.7429802,  36.1850303,    -8.11,   830.00,   596.00
-75.7513033,  36.1830474,     2.56,    50.00,   620.00
-75.7511765,  36.1830811,     2.47,    62.00,   620.00
-75.7510497,  36.1831147,     1.56,    74.00,   620.00
-75.7509229,  36.1831484,     0.31,    86.00,   620.00
-75.7507962,  36.1831821,    -0.72,    98.00,   620.00
-75.7506694,  36.1832158,    -1.51,   110.00,   620.00
-75.7505426,  36.1832494,    -1.93,   122.00,   620.00
-75.7504159,  36.1832831,    -2.58,   134.00,   620.00
-75.7502891,  36.1833168,    -2.91,   146.00,   620.00
-75.7501623,  36.1833504,    -2.98,   158.00,   620.00
-75.7500356,  36.1833841,    -2.88,   170.00,   620.00
-75.7499088,  36.1834178,    -2.75,   182.00,   620.00
-75.7497820,  36.1834514,    -2.73,   194.00,   620.00
-75.7496553,  36.1834851,    -2.81,   206.00,   620.00
-75.7495285,  36.1835188,    -2.87,   218.00,   620.00
-75.7494017,  36.1835524,    -2.98,   230.00,   620.00
-75.7492749,  36.1835861,    -3.06,   242.00,   620.00
-75.7491482,  36.1836198,    -3.15,   254.00,   620.00
-75.7490214,  36.1836534,    -3.26,   266.00,   620.00
-75.7488946,  36.1836871,    -3.34,   278.00,   620.00
-75.7487679,  36.1837208,    -3.45,   290.00,   620.00
-75.7486411,  36.1837544,    -3.57,   302.00,   620.00
-75.7485143,  36.1837881,    -3.63,   314.00,   620.00
-75.7483876,  36.1838218,    -3.74,   326.00,   620.00
-75.7482608,  36.1838554,    -3.85,   338.00,   620.00
-75.7481340,  36.1838891,    -4.01,   350.00,   620.00
-75.7480073,  36.1839228,    -4.10,   362.00,   620.00
-75.7478805,  36.1839565,    -4.24,   374.00,   620.00
-75.7477537,  36.1839901,    -4.39,   386.00,   620.00
-75.7476269,  36.1840238,    -4.55,   398.00,   620.00
-75.7475002,  36.1840575,    -4.72,   410.00,   620.00
-75.7473734,  36.1840911,    -4.86,   422.00,   620.00
-75.7472466,  36.1841248,    -4.97,   434.00,   620.00
-75.7471199,  36.1841585,    -5.18,   446.00,   620.00
-75.7469931,  36.1841921,    -5.26,   458.00,   620.00
-75.7468663,  36.1842258,    -5.42,   470.00,   620.00
-75.7467396,  36.1842595,    -5.55,   482.00,   620.00
-75.7466128,  36.1842931,    -5.68,   494.00,   620.00
-75.7464860,  36.1843268,    -5.81,   506.00,   620.00
-75.7463593,  36.1843605,    -5.92,   518.00,   620.00
-75.7462325,  36.1843941,    -6.02,   530.00,   620.00
-75.7461057,  36.1844278,    -6.12,   542.00,   620.00
-75.7459789,  36.1844615,    -6.24,   554.00,   620.00
-75.7458522,  36.1844951,    -6.34,   566.00,   620.00
-75.7457254,  36.1845288,    -6.44,   578.00,   620.00
-75.7455986,  36.1845625,    -6.55,   590.00,   620.00
-75.7454719,  36.1845961,    -6.65,   602.00,   620.00
-75.7453451,  36.1846298,    -6.73,   614.00,   620.00
-75.7452183,  36.1846635,    -6.85,   626.00,   620.00
-75.7450916,  36.1846972,    -6.93,   638.00,   620.00
-75.7449648,  36.1847308,    -7.02,   650.00,   620.00
-75.7448380,  36.1847645,    -7.11,   662.00,   620.00
-75.7447112,  36.1847982,    -7.21,   674.00,   620.00
-75.7445845,  36.1848318,    -7.27,   686.00,   620.00
-75.7444577,  36.1848655,    -7.38,   698.00,   620.00
-75.7443309,  36.1848992,    -7.46,   710.00,   620.00
-75.7442042,  36.1849328,    -7.54,   722.00,   620.00
-75.7440774,  36.1849665,    -7.61,   734.00,   620.00
-75.7439506,  36.1850002,    -7.70,   746.00,   620.00
-75.7438239,  36.1850338,    -7.78,   758.00,   620.00
-75.7436971,  36.1850675,    -7.87,   770.00,   620.00
-75.7435703,  36.1851012,    -7.94,   782.00,   620.00
-75.7434436,  36.1851348,    -8.01,   794.00,   620.00
-75.7433168,  36.1851685,    -8.06,   806.00,   620.00
-75.7431900,  36.1852022,    -8.09,   818.00,   620.00
-75.7430632,  36.1852358,    -8.10,   830.00,   620.00
-75.7513863,  36.1832530,     2.92,    50.00,   644.00
-75.7512595,  36.1832866,     2.41,    62.00,   644.00
-75.7511328,  36.1833203,     1.55,    74.00,   644.00
-75.7510060,  36.1833540,     0.40,    86.00,   644.00
-75.7508792,  36.1833876,    -0.63,    98.00,   644.00
-75.7507525,  36.1834213,    -1.37,   110.00,   644.00
-75.7506257,  36.1834550,    -1.91,   122.00,   644.00
-75.7504989,  36.1834886,    -2.67,   134.00,   644.00
-75.7503722,  36.1835223,    -2.98,   146.00,   644.00
-75.7502454,  36.1835560,    -2.98,   158.00,   644.00
-75.7501186,  36.1835896,    -2.87,   170.00,   644.00
-75.7499919,  36.1836233,    -2.76,   182.00,   644.00
-75.7498651,  36.1836570,    -2.75,   194.00,   644.00
-75.7497383,  36.1836906,    -2.80,   206.00,   644.00
-75.7496115,  36.1837243,    -2.87,   218.00,   644.00
-75.7494848,  36.1837580,    -2.96,   230.00,   644.00
-75.7493580,  36.1837916,    -3.04,   242.00,   644.00
-75.7492312,  36.1838253,    -3.14,   254.00,   644.00
-75.7491045,  36.1838590,    -3.25,   266.00,   644.00
-75.7489777,  36.1838926,    -3.35,   278.00,   644.00
-75.7488509,  36.1839263,    -3.45,   290.00,   644.00
-75.7487242,  36.1839600,    -3.54,   302.00,   644.00
-75.7485974,  36.1839937,    -3.64,   314.00,   644.00
-75.7484706,  36.1840273,    -3.73,   326.00,   644.00
-75.7483439,  36.1840610,    -3.85,   338.00,   644.00
-75.7482171,  36.1840947,    -3.97,   350.00,   644.00
-75.7480903,  36.1841283,    -4.12,   362.00,   644.00
-75.7479635,  36.1841620,    -4.26,   374.00,   644.00
-75.7478368,  36.1841957,    -4.46,   386.00,   644.00
-75.7477100,  36.1842293,    -4.55,   398.00,   644.00
-75.7475832,  36.1842630,    -4.67,   410.00,   644.00
-75.7474565,  36.1842967,    -4.81,   422.00,   644.00
-75.7473297,  36.1843303,    -4.95,   434.00,   644.00
-75.7472029,  36.1843640,    -5.08,   446.00,   644.00
-75.7470762,  36.1843977,    -5.24,   458.00,   644.00
-75.7469494,  36.1844313,    -5.38,   470.00,   644.00
-75.7468226,  36.1844650,    -5.53,   482.00,   644.00
-75.7466958,  36.1844987,    -5.61,   494.00,   644.00
-75.7465691,  36.1845323,    -5.73,   506.00,   644.00
-75.7464423,  36.1845660,    -5.84,   518.00,   644.00
-75.7463155,  36.1845997,    -5.96,   530.00,   644.00
-75.7461888,  36.1846333,    -6.08,   542.00,   644.00
-75.7460620,  36.1846670,    -6.20,   554.00,   644.00
-75.7459352,  36.1847007,    -6.32,   566.00,   644.00
-75.7458085,  36.1847344,    -6.42,   578.00,   644.00
-75.7456817,  36.1847680,    -6.51,   590.00,   644.00
-75.7455549,  36.1848017,    -6.63,   602.00,   644.00
-75.7454282,  36.1848354,    -6.72,   614.00,   644.00
-75.7453014,  36.1848690,    -6.83,   626.00,   644.00
-75.7451746,  36.1849027,    -6.90,   638.00,   644.00
-75.7450478,  36.1849364,    -7.01,   650.00,   644.00
-75.7449211,  36.1849700,    -7.10,   662.00,   644.00
-75.7447943,  36.1850037,    -7.19,   674.00,   644.00
-75.7446675,  36.1850374,    -7.27,   686.00,   644.00
-75.7445408,  36.1850710,    -7.34,   698.00,   644.00
-75.7444140,  36.1851047,    -7.44,   710.00,   644.00
-75.7442872,  36.1851384,    -7.55,   722.00,   644.00
-75.7441605,  36.1851720,    -7.62,   734.00,   644.00
-75.7440337,  36.1852057,    -7.69,   746.00,   644.00
-75.7439069,  36.1852394,    -7.78,   758.00,   644.00
-75.7437802,  36.1852730,    -7.85,   770.00,   644.00
-75.7436534,  36.1853067,    -7.93,   782.00,   644.00
-75.7435266,  36.1853404,    -8.03,   794.00,   644.00
-75.7433998,  36.1853740,    -8.07,   806.00,   644.00
-75.7432731,  36.1854077,    -8.09,   818.00,   644.00
-75.7431463,  36.1854414,    -8.10,   830.00,   644.00
-75.7514694,  36.1834585,     3.20,    50.00,   668.00
-75.7513426,  36.1834922,     2.75,    62.00,   668.00
-75.7512158,  36.1835258,     1.65,    74.00,   668.00
-75.7510891,  36.1835595,     0.42,    86.00,   668.00
-75.7509623,  36.1835932,    -0.66,    98.00,   668.00
-75.7508355,  36.1836268,    -1.41,   110.00,   668.00
-75.7507088,  36.1836605,    -2.06,   122.00,   668.00
-75.7505820,  36.1836942,    -2.68,   134.00,   668.00
-75.7504552,  36.1837278,    -2.92,   146.00,   668.00
-75.7503285,  36.1837615,    -2.94,   158.00,   668.00
-75.7502017,  36.1837952,    -2.82,   170.00,   668.00
-75.7500749,  36.1838288,    -2.72,   182.00,   668.00
-75.7499481,  36.1838625,    -2.72,   194.00,   668.00
-75.7498214,  36.1838962,    -2.78,   206.00,   668.00
-75.7496946,  36.1839298,    -2.86,   218.00,   668.00
-75.7495678,  36.1839635,    -2.93,   230.00,   668.00
-75.7494411,  36.1839972,    -3.01,   242.00,   668.00
-75.7493143,  36.1840309,    -3.11,   254.00,   668.00
-75.7491875,  36.1840645,    -3.21,   266.00,   668.00
-75.7490608,  36.1840982,    -3.31,   278.00,   668.00
-75.7489340,  36.1841319,    -3.42,   290.00,   668.00
-75.7488072,  36.1841655,    -3.52,   302.00,   668.00
-75.7486804,  36.1841992,    -3.68,   314.00,   668.00
-75.7485537,  36.1842329,    -3.75,   326.00,   668.00
-75.7484269,  36.1842665,    -3.88,   338.00,   668.00
-75.7483001,  36.1843002,    -3.96,   350.00,   668.00
-75.7481734,  36.1843339,    -4.06,   362.00,   668.00
-75.7480466,  36.1843675,    -4.27,   374.00,   668.00
-75.7479198,  36.1844012,    -4.42,   386.00,   668.00
-75.7477931,  36.1844349,    -4.55,   398.00,   668.00
-75.7476663,  36.1844685,    -4.67,   410.00,   668.00
-75.7475395,  36.1845022,    -4.80,   422.00,   668.00
-75.7474128,  36.1845359,    -4.98,   434.00,   668.00
-75.7472860,  36.1845695,    -5.08,   446.00,   668.00
-75.7471592,  36.1846032,    -5.21,   458.00,   668.00
-75.7470324,  36.1846369,    -5.37,   470.00,   668.00
-75.7469057,  36.1846705,    -5.50,   482.00,   668.00
-75.7467789,  36.1847042,    -5.60,   494.00,   668.00
-75.7466521,  36.1847379,    -5.72,   506.00,   668.00
-75.7465254,  36.1847716,    -5.85,   518.00,   668.00
-75.7463986,  36.1848052,    -5.96,   530.00,   668.00
-75.7462718,  36.1848389,    -6.06,   542.00,   668.00
-75.7461451,  36.1848726,    -6.19,   554.00,   668.00
-75.7460183,  36.1849062,    -6.30,   566.00,   668.00
-75.7458915,  36.1849399,    -6.41,   578.00,   668.00
-75.7457648,  36.1849736,    -6.51,   590.00,   668.00
-75.7456380,  36.1850072,    -6.63,   602.00,   668.00
-75.7455112,  36.1850409,    -6.74,   614.00,   668.00
-75.7453844,  36.1850746,    -6.84,   626.00,   668.00
-75.7452577,  36.1851082,    -6.92,   638.00,   668.00
-75.7451309,  36.1851419,    -7.03,   650.00,   668.00
-75.7450041,  36.1851756,    -7.12,   662.00,   668.00
-75.7448774,  36.1852092,    -7.21,   674.00,   668.00
-75.7447506,  36.1852429,    -7.27,   686.00,   668.00
-75.7446238,  36.1852766,    -7.37,   698.00,   668.00
-75.7444971,  36.1853102,    -7.46,   710.00,   668.00
-75.7443703,  36.1853439,    -7.55,   722.00,   668.00
-75.7442435,  36.1853776,    -7.62,   734.00,   668.00
-75.7441168,  36.1854112,    -7.71,   746.00,   668.00
-75.7439900,  36.1854449,    -7.79,   758.00,   668.00
-75.7438632,  36.1854786,    -7.86,   770.00,   668.00
-75.7437364,  36.1855123,    -7.94,   782.00,   668.00
-75.7436097,  36.1855459,    -8.02,   794.00,   668.00
-75.7434829,  36.1855796,    -8.07,   806.00,   668.00
-75.7433561,  36.1856133,    -8.11,   818.00,   668.00
-75.7432294,  36.1856469,    -8.12,   830.00,   668.00
-75.7515524,  36.1836640,     3.69,    50.00,   692.00
-75.7514257,  36.1836977,     3.18,    62.00,   692.00
-75.7512989,  36.1837314,     1.68,    74.00,   692.00
-75.7511721,  36.1837650,     0.45,    86.00,   692.00
-75.7510454,  36.1837987,    -0.61,    98.00,   692.00
-75.7509186,  36.1838324,    -1.35,   110.00,   692.00
-75.7507918,  36.1838660,    -2.01,   122.00,   692.00
-75.7506651,  36.1838997,    -2.81,   134.00,   692.00
-75.7505383,  36.1839334,    -2.94,   146.00,   692.00
-75.7504115,  36.1839670,    -2.79,   158.00,   692.00
-75.7502847,  36.1840007,    -2.67,   170.00,   692.00
-75.7501580,  36.1840344,    -2.65,   182.00,   692.00
-75.7500312,  36.1840681,    -2.72,   194.00,   692.00
-75.7499044,  36.1841017,    -2.79,   206.00,   692.00
-75.7497777,  36.1841354,    -2.87,   218.00,   692.00
-75.7496509,  36.1841691,    -2.93,   230.00,   692.00
-75.7495241,  36.1842027,    -3.01,   242.00,   692.00
-75.7493974,  36.1842364,    -3.09,   254.00,   692.00
-75.7492706,  36.1842701,    -3.17,   266.00,   692.00
-75.7491438,  36.1843037,    -3.29,   278.00,   692.00
-75.7490170,  36.1843374,    -3.38,   290.00,   692.00
-75.7488903,  36.1843711,    -3.50,   302.00,   692.00
-75.7487635,  36.1844047,    -3.62,   314.00,   692.00
-75.7486367,  36.1844384,    -3.76,   326.00,   692.00
-75.7485100,  36.1844721,    -3.88,   338.00,   692.00
-75.7483832,  36.1845057,    -3.98,   350.00,   692.00
-75.7482564,  36.1845394,    -4.11,   362.00,   692.00
-75.7481297,  36.1845731,    -4.21,   374.00,   692.00
-75.7480029,  36.1846067,    -4.33,   386.00,   692.00
-75.7478761,  36.1846404,    -4.51,   398.00,   692.00
-75.7477494,  36.1846741,    -4.64,   410.00,   692.00
-75.7476226,  36.1847077,    -4.77,   422.00,   692.00
-75.7474958,  36.1847414,    -4.93,   434.00,   692.00
-75.7473690,  36.1847751,    -5.04,   446.00,   692.00
-75.7472423,  36.1848088,    -5.20,   458.00,   692.00
-75.7471155,  36.1848424,    -5.34,   470.00,   692.00
-75.7469887,  36.1848761,    -5.48,   482.00,   692.00
-75.7468620,  36.1849098,    -5.55,   494.00,   692.00
-75.7467352,  36.1849434,    -5.73,   506.00,   692.00
-75.7466084,  36.1849771,    -5.82,   518.00,   692.00
-75.7464817,  36.1850108,    -5.94,   530.00,   692.00
-75.7463549,  36.1850444,    -6.06,   542.00,   692.00
-75.7462281,  36.1850781,    -6.18,   554.00,   692.00
-75.7461014,  36.1851118,    -6.29,   566.00,   692.00
-75.7459746,  36.1851454,    -6.40,   578.00,   692.00
-75.7458478,  36.1851791,    -6.51,   590.00,   692.00
-75.7457210,  36.1852128,    -6.62,   602.00,   692.00
-75.7455943,  36.1852464,    -6.74,   614.00,   692.00
-75.7454675,  36.1852801,    -6.82,   626.00,   692.00
-75.7453407,  36.1853138,    -6.92,   638.00,   692.00
-75.7452140,  36.1853474,    -7.01,   650.00,   692.00
-75.7450872,  36.1853811,    -7.11,   662.00,   692.00
-75.7449604,  36.1854148,    -7.19,   674.00,   692.00
-75.7448337,  36.1854484,    -7.28,   686.00,   692.00
-75.7447069,  36.1854821,    -7.37,   698.00,   692.00
-75.7445801,  36.1855158,    -7.46,   710.00,   692.00
-75.7444534,  36.1855495,    -7.55,   722.00,   692.00
-75.7443266,  36.1855831,    -7.63,   734.00,   692.00
-75.7441998,  36.1856168,    -7.71,   746.00,   692.00
-75.7440730,  36.1856505,    -7.79,   758.00,   692.00
-75.7439463,  36.1856841,    -7.87,   770.00,   692.00
-75.7438195,  36.1857178,    -7.97,   782.00,   692.00
-75.7436927,  36.1857515,    -8.10,   794.00,   692.00
-75.7435660,  36.1857851,    -8.12,   806.00,   692.00
-75.7434392,  36.1858188,    -8.14,   818.00,   692.00
-75.7433124,  36.1858525,    -8.13,   830.00,   692.00
-75.7516355,  36.1838696,     3.85,    50.00,   716.00
-75.7515087,  36.1839032,     2.99,    62.00,   716.00
-75.7513820,  36.1839369,     1.68,    74.00,   716.00
-75.7512552,  36.1839706,     0.47,    86.00,   716.00
-75.7511284,  36.1840042,    -0.54,    98.00,   716.00
-75.7510016,  36.1840379,    -1.35,   110.00,   716.00
-75.7508749,  36.1840716,    -2.08,   122.00,   716.00
-75.7507481,  36.1841053,    -2.57,   134.00,   716.00
-75.7506213,  36.1841389,    -2.76,   146.00,   716.00
-75.7504946,  36.1841726,    -2.75,   158.00,   716.00
-75.7503678,  36.1842063,    -2.70,   170.00,   716.00
-75.7502410,  36.1842399,    -2.70,   182.00,   716.00
-75.7501143,  36.1842736,    -2.75,   194.00,   716.00
-75.7499875,  36.1843073,    -2.82,   206.00,   716.00
-75.7498607,  36.1843409,    -2.90,   218.00,   716.00
-75.7497340,  36.1843746,    -2.97,   230.00,   716.00
-75.7496072,  36.1844083,    -3.04,   242.00,   716.00
-75.7494804,  36.1844419,    -3.12,   254.00,   716.00
-75.7493536,  36.1844756,    -3.20,   266.00,   716.00
-75.7492269,  36.1845093,    -3.29,   278.00,   716.00
-75.7491001,  36.1845429,    -3.39,   290.00,   716.00
-75.7489733,  36.1845766,    -3.49,   302.00,   716.00
-75.7488466,  36.1846103,    -3.60,   314.00,   716.00
-75.7487198,  36.1846439,    -3.72,   326.00,   716.00
-75.7485930,  36.1846776,    -3.85,   338.00,   716.00
-75.7484663,  36.1847113,    -3.98,   350.00,   716.00
-75.7483395,  36.1847449,    -4.09,   362.00,   716.00
-75.7482127,  36.1847786,    -4.20,   374.00,   716.00
-75.7480860,  36.1848123,    -4.33,   386.00,   716.00
-75.7479592,  36.1848460,    -4.49,   398.00,   716.00
-75.7478324,  36.1848796,    -4.66,   410.00,   716.00
-75.7477056,  36.1849133,    -4.81,   422.00,   716.00
-75.7475789,  36.1849470,    -4.97,   434.00,   716.00
-75.7474521,  36.1849806,    -5.13,   446.00,   716.00
-75.7473253,  36.1850143,    -5.26,   458.00,   716.00
-75.7471986,  36.1850480,    -5.38,   470.00,   716.00
-75.7470718,  36.1850816,    -5.50,   482.00,   716.00
-75.7469450,  36.1851153,    -5.62,   494.00,   716.00
-75.7468183,  36.1851490,    -5.75,   506.00,   716.00
-75.7466915,  36.1851826,    -5.91,   518.00,   716.00
-75.7465647,  36.1852163,    -6.02,   530.00,   716.00
-75.7464380,  36.1852500,    -6.09,   542.00,   716.00
-75.7463112,  36.1852836,    -6.18,   554.00,   716.00
-75.7461844,  36.1853173,    -6.28,   566.00,   716.00
-75.7460576,  36.1853510,    -6.40,   578.00,   716.00
-75.7459309,  36.1853846,    -6.51,   590.00,   716.00
-75.7458041,  36.1854183,    -6.63,   602.00,   716.00
-75.7456773,  36.1854520,    -6.73,   614.00,   716.00
-75.7455506,  36.1854856,    -6.83,   626.00,   716.00
-75.7454238,  36.1855193,    -6.92,   638.00,   716.00
-75.7452970,  36.1855530,    -7.01,   650.00,   716.00
-75.7451703,  36.1855867,    -7.10,   662.00,   716.00
-75.7450435,  36.1856203,    -7.18,   674.00,   716.00
-75.7449167,  36.1856540,    -7.27,   686.00,   716.00
-75.7447900,  36.1856877,    -7.35,   698.00,   716.00
-75.7446632,  36.1857213,    -7.44,   710.00,   716.00
-75.7445364,  36.1857550,    -7.53,   722.00,   716.00
-75.7444096,  36.1857887,    -7.62,   734.00,   716.00
-75.7442829,  36.1858223,    -7.70,   746.00,   716.00
-75.7441561,  36.1858560,    -7.78,   758.00,   716.00
-75.7440293,  36.1858897,    -7.85,   770.00,   716.00
-75.7439026,  36.1859233,    -7.94,   782.00,   716.00
-75.7437758,  36.1859570,    -8.02,   794.00,   716.00
-75.7436490,  36.1859907,    -8.09,   806.00,   716.00
-75.7435223,  36.1860243,    -8.13,   818.00,   716.00
-75.7433955,  36.1860580,    -8.15,   830.00,   716.00
-75.7517186,  36.1840751,     3.84,    50.00,   740.00
-75.7515918,  36.1841088,     2.92,    62.00,   740.00
-75.7514650,  36.1841425,     1.64,    74.00,   740.00
-75.7513382,  36.1841761,     0.39,    86.00,   740.00
-75.7512115,  36.1842098,    -0.60,    98.00,   740.00
-75.7510847,  36.1842435,    -1.35,   110.00,   740.00
-75.7509579,  36.1842771,    -2.09,   122.00,   740.00
-75.7508312,  36.1843108,    -2.56,   134.00,   740.00
-75.7507044,  36.1843445,    -2.72,   146.00,   740.00
-75.7505776,  36.1843781,    -2.72,   158.00,   740.00
-75.7504509,  36.1844118,    -2.72,   170.00,   740.00
-75.7503241,  36.1844455,    -2.74,   182.00,   740.00
-75.7501973,  36.1844791,    -2.78,   194.00,   740.00
-75.7500706,  36.1845128,    -2.84,   206.00,   740.00
-75.7499438,  36.1845465,    -2.91,   218.00,   740.00
-75.7498170,  36.1845801,    -2.98,   230.00,   740.00
-75.7496902,  36.1846138,    -3.06,   242.00,   740.00
-75.7495635,  36.1846475,    -3.12,   254.00,   740.00
-75.7494367,  36.1846811,    -3.20,   266.00,   740.00
-75.7493099,  36.1847148,    -3.29,   278.00,   740.00
-75.7491832,  36.1847485,    -3.38,   290.00,   740.00
-75.7490564,  36.1847821,    -3.47,   302.00,   740.00
-75.7489296,  36.1848158,    -3.59,   314.00,   740.00
-75.7488029,  36.1848495,    -3.70,   326.00,   740.00
-75.7486761,  36.1848832,    -3.84,   338.00,   740.00
-75.7485493,  36.1849168,    -3.96,   350.00,   740.00
-75.7484226,  36.1849505,    -4.07,   362.00,   740.00
-75.7482958,  36.1849842,    -4.18,   374.00,   740.00
-75.7481690,  36.1850178,    -4.32,   386.00,   740.00
-75.7480422,  36.1850515,    -4.50,   398.00,   740.00
-75.7479155,  36.1850852,    -4.67,   410.00,   740.00
-75.7477887,  36.1851188,    -4.81,   422.00,   740.00
-75.7476619,  36.1851525,    -4.98,   434.00,   740.00
-75.7475352,  36.1851862,    -5.15,   446.00,   740.00
-75.7474084,  36.1852198,    -5.29,   458.00,   740.00
-75.7472816,  36.1852535,    -5.40,   470.00,   740.00
-75.7471549,  36.1852872,    -5.51,   482.00,   740.00
-75.7470281,  36.1853208,    -5.64,   494.00,   740.00
-75.7469013,  36.1853545,    -5.76,   506.00,   740.00
-75.7467746,  36.1853882,    -5.97,   518.00,   740.00
-75.7466478,  36.1854218,    -6.05,   530.00,   740.00
-75.7465210,  36.1854555,    -6.09,   542.00,   740.00
-75.7463942,  36.1854892,    -6.19,   554.00,   740.00
-75.7462675,  36.1855228,    -6.29,   566.00,   740.00
-75.7461407,  36.1855565,    -6.42,   578.00,   740.00
-75.7460139,  36.1855902,    -6.52,   590.00,   740.00
-75.7458872,  36.1856239,    -6.64,   602.00,   740.00
-75.7457604,  36.1856575,    -6.74,   614.00,   740.00
-75.7456336,  36.1856912,    -6.84,   626.00,   740.00
-75.7455069,  36.1857249,    -6.92,   638.00,   740.00
-75.7453801,  36.1857585,    -7.01,   650.00,   740.00
-75.7452533,  36.1857922,    -7.10,   662.00,   740.00
-75.7451266,  36.1858259,    -7.18,   674.00,   740.00
-75.7449998,  36.1858595,    -7.26,   686.00,   740.00
-75.7448730,  36.1858932,    -7.35,   698.00,   740.00
-75.7447462,  36.1859269,    -7.44,   710.00,   740.00
-75.7446195,  36.1859605,    -7.53,   722.00,   740.00
-75.7444927,  36.1859942,    -7.62,   734.00,   740.00
-75.7443659,  36.1860279,    -7.70,   746.00,   740.00
-75.7442392,  36.1860615,    -7.77,   758.00,   740.00
-75.7441124,  36.1860952,    -7.86,   770.00,   740.00
-75.7439856,  36.1861289,    -7.93,   782.00,   740.00
-75.7438589,  36.1861625,    -8.02,   794.00,   740.00
-75.7437321,  36.1861962,    -8.09,   806.00,   740.00
-75.7436053,  36.1862299,    -8.13,   818.00,   740.00
-75.7434786,  36.1862635,    -8.15,   830.00,   740.00
-75.7518016,  36.1842807,     3.76,    50.00,   764.00
-75.7516748,  36.1843143,     2.99,    62.00,   764.00
-75.7515481,  36.1843480,     1.81,    74.00,   764.00
-75.7514213,  36.1843817,     0.61,    86.00,   764.00
-75.7512945,  36.1844153,    -0.39,    98.00,   764.00
-75.7511678,  36.1844490,    -1.27,   110.00,   764.00
-75.7510410,  36.1844827,    -2.06,   122.00,   764.00
-75.7509142,  36.1845163,    -2.57,   134.00,   764.00
-75.7507875,  36.1845500,    -2.76,   146.00,   764.00
-75.7506607,  36.1845837,    -2.80,   158.00,   764.00
-75.7505339,  36.1846173,    -2.78,   170.00,   764.00
-75.7504072,  36.1846510,    -2.81,   182.00,   764.00
-75.7502804,  36.1846847,    -2.84,   194.00,   764.00
-75.7501536,  36.1847183,    -2.87,   206.00,   764.00
-75.7500268,  36.1847520,    -2.88,   218.00,   764.00
-75.7499001,  36.1847857,    -2.93,   230.00,   764.00
-75.7497733,  36.1848193,    -3.00,   242.00,   764.00
-75.7496465,  36.1848530,    -3.07,   254.00,   764.00
-75.7495198,  36.1848867,    -3.15,   266.00,   764.00
-75.7493930,  36.1849204,    -3.25,   278.00,   764.00
-75.7492662,  36.1849540,    -3.34,   290.00,   764.00
-75.7491395,  36.1849877,    -3.44,   302.00,   764.00
-75.7490127,  36.1850214,    -3.55,   314.00,   764.00
-75.7488859,  36.1850550,    -3.68,   326.00,   764.00
-75.7487592,  36.1850887,    -3.81,   338.00,   764.00
-75.7486324,  36.1851224,    -3.94,   350.00,   764.00
-75.7485056,  36.1851560,    -4.07,   362.00,   764.00
-75.7483788,  36.1851897,    -4.21,   374.00,   764.00
-75.7482521,  36.1852234,    -4.35,   386.00,   764.00
-75.7481253,  36.1852570,    -4.51,   398.00,   764.00
-75.7479985,  36.1852907,    -4.66,   410.00,   764.00
-75.7478718,  36.1853244,    -4.81,   422.00,   764.00
-75.7477450,  36.1853580,    -4.96,   434.00,   764.00
-75.7476182,  36.1853917,    -5.10,   446.00,   764.00
-75.7474915,  36.1854254,    -5.24,   458.00,   764.00
-75.7473647,  36.1854590,    -5.38,   470.00,   764.00
-75.7472379,  36.1854927,    -5.50,   482.00,   764.00
-75.7471112,  36.1855264,    -5.63,   494.00,   764.00
-75.7469844,  36.1855600,    -5.75,   506.00,   764.00
-75.7468576,  36.1855937,    -5.88,   518.00,   764.00
-75.7467308,  36.1856274,    -6.00,   530.00,   764.00
-75.7466041,  36.1856611,    -6.10,   542.00,   764.00
-75.7464773,  36.1856947,    -6.21,   554.00,   764.00
-75.7463505,  36.1857284,    -6.31,   566.00,   764.00
-75.7462238,  36.1857621,    -6.41,   578.00,   764.00
-75.7460970,  36.1857957,    -6.52,   590.00,   764.00
-75.7459702,  36.1858294,    -6.64,   602.00,   764.00
-75.7458435,  36.1858631,    -6.74,   614.00,   764.00
-75.7457167,  36.1858967,    -6.84,   626.00,   764.00
-75.7455899,  36.1859304,    -6.93,   638.00,   764.00
-75.7454632,  36.1859641,    -7.02,   650.00,   764.00
-75.7453364,  36.1859977,    -7.11,   662.00,   764.00
-75.7452096,  36.1860314,    -7.20,   674.00,   764.00
-75.7450828,  36.1860651,    -7.30,   686.00,   764.00
-75.7449561,  36.1860987,    -7.39,   698.00,   764.00
-75.7448293,  36.1861324,    -7.48,   710.00,   764.00
-75.7447025,  36.1861661,    -7.56,   722.00,   764.00
-75.7445758,  36.1861997,    -7.63,   734.00,   764.00
-75.7444490,  36.1862334,    -7.71,   746.00,   764.00
-75.7443222,  36.1862671,    -7.80,   758.00,   764.00
-75.7441955,  36.1863007,    -7.90,   770.00,   764.00
-75.7440687,  36.1863344,    -8.00,   782.00,   764.00
-75.7439419,  36.1863681,    -8.09,   794.00,   764.00
-75.7438152,  36.1864017,    -8.14,   806.00,   764.00
-75.7436884,  36.1864354,    -8.17,   818.00,   764.00
-75.7435616,  36.1864691,    -8.19,   830.00,   764.00
-75.7518847,  36.1844862,     3.60,    50.00,   788.00
-75.7517579,  36.1845199,     2.92,    62.00,   788.00
-75.7516311,  36.1845535,     1.86,    74.00,   788.00
-75.7515044,  36.1845872,     0.72,    86.00,   788.00
-75.7513776,  36.1846209,    -0.31,    98.00,   788.00
-75.7512508,  36.1846545,    -1.31,   110.00,   788.00
-75.7511241,  36.1846882,    -2.15,   122.00,   788.00
-75.7509973,  36.1847219,    -2.66,   134.00,   788.00
-75.7508705,  36.1847555,    -2.81,   146.00,   788.00
-75.7507438,  36.1847892,    -2.85,   158.00,   788.00
-75.7506170,  36.1848229,    -2.79,   170.00,   788.00
-75.7504902,  36.1848565,    -2.81,   182.00,   788.00
-75.7503634,  36.1848902,    -2.86,   194.00,   788.00
-75.7502367,  36.1849239,    -2.89,   206.00,   788.00
-75.7501099,  36.1849576,    -2.90,   218.00,   788.00
-75.7499831,  36.1849912,    -2.93,   230.00,   788.00
-75.7498564,  36.1850249,    -2.98,   242.00,   788.00
-75.7497296,  36.1850586,    -3.05,   254.00,   788.00
-75.7496028,  36.1850922,    -3.13,   266.00,   788.00
-75.7494761,  36.1851259,    -3.23,   278.00,   788.00
-75.7493493,  36.1851596,    -3.32,   290.00,   788.00
-75.7492225,  36.1851932,    -3.42,   302.00,   788.00
-75.7490958,  36.1852269,    -3.54,   314.00,   788.00
-75.7489690,  36.1852606,    -3.67,   326.00,   788.00
-75.7488422,  36.1852942,    -3.80,   338.00,   788.00
-75.7487154,  36.1853279,    -3.94,   350.00,   788.00
-75.7485887,  36.1853616,    -4.08,   362.00,   788.00
-75.7484619,  36.1853952,    -4.22,   374.00,   788.00
-75.7483351,  36.1854289,    -4.36,   386.00,   788.00
-75.7482084,  36.1854626,    -4.52,   398.00,   788.00
-75.7480816,  36.1854962,    -4.66,   410.00,   788.00
-75.7479548,  36.1855299,    -4.81,   422.00,   788.00
-75.7478281,  36.1855636,    -4.94,   434.00,   788.00
-75.7477013,  36.1855972,    -5.09,   446.00,   788.00
-75.7475745,  36.1856309,    -5.22,   458.00,   788.00
-75.7474478,  36.1856646,    -5.36,   470.00,   788.00
-75.7473210,  36.1856983,    -5.49,   482.00,   788.00
-75.7471942,  36.1857319,    -5.61,   494.00,   788.00
-75.7470674,  36.1857656,    -5.73,   506.00,   788.00
-75.7469407,  36.1857993,    -5.85,   518.00,   788.00
-75.7468139,  36.1858329,    -5.98,   530.00,   788.00
-75.7466871,  36.1858666,    -6.09,   542.00,   788.00
-75.7465604,  36.1859003,    -6.21,   554.00,   788.00
-75.7464336,  36.1859339,    -6.31,   566.00,   788.00
-75.7463068,  36.1859676,    -6.42,   578.00,   788.00
-75.7461801,  36.1860013,    -6.53,   590.00,   788.00
-75.7460533,  36.1860349,    -6.64,   602.00,   788.00
-75.7459265,  36.1860686,    -6.74,   614.00,   788.00
-75.7457998,  36.1861023,    -6.84,   626.00,   788.00
-75.7456730,  36.1861359,    -6.94,   638.00,   788.00
-75.7455462,  36.1861696,    -7.03,   650.00,   788.00
-75.7454194,  36.1862033,    -7.12,   662.00,   788.00
-75.7452927,  36.1862369,    -7.22,   674.00,   788.00
-75.7451659,  36.1862706,    -7.31,   686.00,   788.00
-75.7450391,  36.1863043,    -7.41,   698.00,   788.00
-75.7449124,  36.1863379,    -7.50,   710.00,   788.00
-75.7447856,  36.1863716,    -7.57,   722.00,   788.00
-75.7446588,  36.1864053,    -7.65,   734.00,   788.00
-75.7445321,  36.1864389,    -7.73,   746.00,   788.00
-75.7444053,  36.1864726,    -7.83,   758.00,   788.00
-75.7442785,  36.1865063,    -7.93,   770.00,   788.00
-75.7441518,  36.1865400,    -8.03,   782.00,   788.00
-75.7440250,  36.1865736,    -8.12,   794.00,   788.00
-75.7438982,  36.1866073,    -8.18,   806.00,   788.00
-75.7437714,  36.1866410,    -8.20,   818.00,   788.00
-75.7436447,  36.1866746,    -8.22,   830.00,   788.00
-75.7519677,  36.1846917,     3.37,    50.00,   812.00
-75.7518410,  36.1847254,     2.65,    62.00,   812.00
-75.7517142,  36.1847591,     1.71,    74.00,   812.00
-75.7515874,  36.1847927,     0.65,    86.00,   812.00
-75.7514607,  36.1848264,    -0.42,    98.00,   812.00
-75.7513339,  36.1848601,    -1.41,   110.00,   812.00
-75.7512071,  36.1848937,    -2.27,   122.00,   812.00
-75.7510804,  36.1849274,    -2.74,   134.00,   812.00
-75.7509536,  36.1849611,    -2.87,   146.00,   812.00
-75.7508268,  36.1849948,    -2.88,   158.00,   812.00
-75.7507000,  36.1850284,    -2.83,   170.00,   812.00
-75.7505733,  36.1850621,    -2.80,   182.00,   812.00
-75.7504465,  36.1850958,    -2.83,   194.00,   812.00
-75.7503197,  36.1851294,    -2.86,   206.00,   812.00
-75.7501930,  36.1851631,    -2.90,   218.00,   812.00
-75.7500662,  36.1851968,    -2.93,   230.00,   812.00
-75.7499394,  36.1852304,    -2.97,   242.00,   812.00
-75.7498127,  36.1852641,    -3.03,   254.00,   812.00
-75.7496859,  36.1852978,    -3.11,   266.00,   812.00
-75.7495591,  36.1853314,    -3.22,   278.00,   812.00
-75.7494324,  36.1853651,    -3.32,   290.00,   812.00
-75.7493056,  36.1853988,    -3.43,   302.00,   812.00
-75.7491788,  36.1854324,    -3.53,   314.00,   812.00
-75.7490520,  36.1854661,    -3.66,   326.00,   812.00
-75.7489253,  36.1854998,    -3.78,   338.00,   812.00
-75.7487985,  36.1855334,    -3.94,   350.00,   812.00
-75.7486717,  36.1855671,    -4.09,   362.00,   812.00
-75.7485450,  36.1856008,    -4.23,   374.00,   812.00
-75.7484182,  36.1856344,    -4.37,   386.00,   812.00
-75.7482914,  36.1856681,    -4.52,   398.00,   812.00
-75.7481647,  36.1857018,    -4.67,   410.00,   812.00
-75.7480379,  36.1857355,    -4.81,   422.00,   812.00
-75.7479111,  36.1857691,    -4.94,   434.00,   812.00
-75.7477844,  36.1858028,    -5.08,   446.00,   812.00
-75.7476576,  36.1858365,    -5.21,   458.00,   812.00
-75.7475308,  36.1858701,    -5.34,   470.00,   812.00
-75.7474040,  36.1859038,    -5.46,   482.00,   812.00
-75.7472773,  36.1859375,    -5.59,   494.00,   812.00
-75.7471505,  36.1859711,    -5.71,   506.00,   812.00
-75.7470237,  36.1860048,    -5.84,   518.00,   812.00
-75.7468970,  36.1860385,    -5.96,   530.00,   812.00
-75.7467702,  36.1860721,    -6.09,   542.00,   812.00
-75.7466434,  36.1861058,    -6.20,   554.00,   812.00
-75.7465167,  36.1861395,    -6.30,   566.00,   812.00
-75.7463899,  36.1861731,    -6.42,   578.00,   812.00
-75.7462631,  36.1862068,    -6.52,   590.00,   812.00
-75.7461364,  36.1862405,    -6.64,   602.00,   812.00
-75.7460096,  36.1862741,    -6.74,   614.00,   812.00
-75.7458828,  36.1863078,    -6.84,   626.00,   812.00
-75.7457560,  36.1863415,    -6.93,   638.00,   812.00
-75.7456293,  36.1863751,    -7.02,   650.00,   812.00
-75.7455025,  36.1864088,    -7.12,   662.00,   812.00
-75.7453757,  36.1864425,    -7.21,   674.00,   812.00
-75.7452490,  36.1864761,    -7.31,   686.00,   812.00
-75.7451222,  36.1865098,    -7.40,   698.00,   812.00
-75.7449954,  36.1865435,    -7.49,   710.00,   812.00
-75.7448687,  36.1865772,    -7.56,   722.00,   812.00
-75.7447419,  36.1866108,    -7.66,   734.00,   812.00
-75.7446151,  36.1866445,    -7.77,   746.00,   812.00
-75.7444883,  36.1866782,    -7.86,   758.00,   812.00
-75.7443616,  36.1867118,    -7.95,   770.00,   812.00
-75.7442348,  36.1867455,    -8.04,   782.00,   812.00
-75.7441080,  36.1867792,    -8.12,   794.00,   812.00
-75.7439813,  36.1868128,    -8.19,   806.00,   812.00
-75.7438545,  36.1868465,    -8.23,   818.00,   812.00
-75.7437277,  36.1868802,    -8.25,   830.00,   812.00
-75.7520508,  36.1848973,     3.57,    50.00,   836.00
-75.7519240,  36.1849309,     3.00,    62.00,   836.00
-75.7517973,  36.1849646,     1.79,    74.00,   836.00
-75.7516705,  36.1849983,     0.65,    86.00,   836.00
-75.7515437,  36.1850320,    -0.43,    98.00,   836.00
-75.7514170,  36.1850656,    -1.47,   110.00,   836.00
-75.7512902,  36.1850993,    -2.32,   122.00,   836.00
-75.7511634,  36.1851330,    -2.76,   134.00,   836.00
-75.7510366,  36.1851666,    -2.89,   146.00,   836.00
-75.7509099,  36.1852003,    -2.91,   158.00,   836.00
-75.7507831,  36.1852340,    -2.85,   170.00,   836.00
-75.7506563,  36.1852676,    -2.82,   182.00,   836.00
-75.7505296,  36.1853013,    -2.84,   194.00,   836.00
-75.7504028,  36.1853350,    -2.86,   206.00,   836.00
-75.7502760,  36.1853686,    -2.89,   218.00,   836.00
-75.7501493,  36.1854023,    -2.93,   230.00,   836.00
-75.7500225,  36.1854360,    -2.96,   242.00,   836.00
-75.7498957,  36.1854696,    -3.02,   254.00,   836.00
-75.7497690,  36.1855033,    -3.10,   266.00,   836.00
-75.7496422,  36.1855370,    -3.21,   278.00,   836.00
-75.7495154,  36.1855706,    -3.32,   290.00,   836.00
-75.7493886,  36.1856043,    -3.44,   302.00,   836.00
-75.7492619,  36.1856380,    -3.54,   314.00,   836.00
-75.7491351,  36.1856716,    -3.67,   326.00,   836.00
-75.7490083,  36.1857053,    -3.80,   338.00,   836.00
-75.7488816,  36.1857390,    -3.94,   350.00,   836.00
-75.7487548,  36.1857727,    -4.09,   362.00,   836.00
-75.7486280,  36.1858063,    -4.24,   374.00,   836.00
-75.7485013,  36.1858400,    -4.38,   386.00,   836.00
-75.7483745,  36.1858737,    -4.54,   398.00,   836.00
-75.7482477,  36.1859073,    -4.69,   410.00,   836.00
-75.7481210,  36.1859410,    -4.83,   422.00,   836.00
-75.7479942,  36.1859747,    -4.96,   434.00,   836.00
-75.7478674,  36.1860083,    -5.09,   446.00,   836.00
-75.7477406,  36.1860420,    -5.21,   458.00,   836.00
-75.7476139,  36.1860757,    -5.34,   470.00,   836.00
-75.7474871,  36.1861093,    -5.46,   482.00,   836.00
-75.7473603,  36.1861430,    -5.59,   494.00,   836.00
-75.7472336,  36.1861767,    -5.71,   506.00,   836.00
-75.7471068,  36.1862103,    -5.83,   518.00,   836.00
-75.7469800,  36.1862440,    -5.95,   530.00,   836.00
-75.7468533,  36.1862777,    -6.08,   542.00,   836.00
-75.7467265,  36.1863113,    -6.19,   554.00,   836.00
-75.7465997,  36.1863450,    -6.30,   566.00,   836.00
-75.7464729,  36.1863787,    -6.41,   578.00,   836.00
-75.7463462,  36.1864123,    -6.52,   590.00,   836.00
-75.7462194,  36.1864460,    -6.65,   602.00,   836.00
-75.7460926,  36.1864797,    -6.75,   614.00,   836.00
-75.7459659,  36.1865133,    -6.84,   626.00,   836.00
-75.7458391,  36.1865470,    -6.94,   638.00,   836.00
-75.7457123,  36.1865807,    -7.03,   650.00,   836.00
-75.7455856,  36.1866144,    -7.13,   662.00,   836.00
-75.7454588,  36.1866480,    -7.23,   674.00,   836.00
-75.7453320,  36.1866817,    -7.32,   686.00,   836.00
-75.7452053,  36.1867154,    -7.41,   698.00,   836.00
-75.7450785,  36.1867490,    -7.49,   710.00,   836.00
-75.7449517,  36.1867827,    -7.57,   722.00,   836.00
-75.7448249,  36.1868164,    -7.67,   734.00,   836.00
-75.7446982,  36.1868500,    -7.77,   746.00,   836.00
-75.7445714,  36.1868837,    -7.86,   758.00,   836.00
-75.7444446,  36.1869174,    -7.95,   770.00,   836.00
-75.7443179,  36.1869510,    -8.04,   782.00,   836.00
-75.7441911,  36.1869847,    -8.13,   794.00,   836.00
-75.7440643,  36.1870184,    -8.19,   806.00,   836.00
-75.7439376,  36.1870520,    -8.23,   818.00,   836.00
-75.7438108,  36.1870857,    -8.24,   830.00,   836.00
-75.7521339,  36.1851028,     3.28,    50.00,   860.00
-75.7520071,  36.1851365,     2.89,    62.00,   860.00
-75.7518803,  36.1851702,     1.72,    74.00,   860.00
-75.7517536,  36.1852038,     0.63,    86.00,   860.00
-75.7516268,  36.1852375,    -0.46,    98.00,   860.00
-75.7515000,  36.1852712,    -1.50,   110.00,   860.00
-75.7513732,  36.1853048,    -2.42,   122.00,   860.00
-75.7512465,  36.1853385,    -2.87,   134.00,   860.00
-75.7511197,  36.1853722,    -2.94,   146.00,   860.00
-75.7509929,  36.1854058,    -2.94,   158.00,   860.00
-75.7508662,  36.1854395,    -2.93,   170.00,   860.00
-75.7507394,  36.1854732,    -2.91,   182.00,   860.00
-75.7506126,  36.1855068,    -2.91,   194.00,   860.00
-75.7504859,  36.1855405,    -2.91,   206.00,   860.00
-75.7503591,  36.1855742,    -2.91,   218.00,   860.00
-75.7502323,  36.1856078,    -2.92,   230.00,   860.00
-75.7501056,  36.1856415,    -2.95,   242.00,   860.00
-75.7499788,  36.1856752,    -3.02,   254.00,   860.00
-75.7498520,  36.1857088,    -3.10,   266.00,   860.00
-75.7497252,  36.1857425,    -3.21,   278.00,   860.00
-75.7495985,  36.1857762,    -3.33,   290.00,   860.00
-75.7494717,  36.1858099,    -3.46,   302.00,   860.00
-75.7493449,  36.1858435,    -3.56,   314.00,   860.00
-75.7492182,  36.1858772,    -3.68,   326.00,   860.00
-75.7490914,  36.1859109,    -3.81,   338.00,   860.00
-75.7489646,  36.1859445,    -3.95,   350.00,   860.00
-75.7488379,  36.1859782,    -4.09,   362.00,   860.00
-75.7487111,  36.1860119,    -4.25,   374.00,   860.00
-75.7485843,  36.1860455,    -4.39,   386.00,   860.00
-75.7484576,  36.1860792,    -4.56,   398.00,   860.00
-75.7483308,  36.1861129,    -4.72,   410.00,   860.00
-75.7482040,  36.1861465,    -4.87,   422.00,   860.00
-75.7480772,  36.1861802,    -4.98,   434.00,   860.00
-75.7479505,  36.1862139,    -5.09,   446.00,   860.00
-75.7478237,  36.1862475,    -5.21,   458.00,   860.00
-75.7476969,  36.1862812,    -5.35,   470.00,   860.00
-75.7475702,  36.1863149,    -5.49,   482.00,   860.00
-75.7474434,  36.1863485,    -5.61,   494.00,   860.00
-75.7473166,  36.1863822,    -5.73,   506.00,   860.00
-75.7471899,  36.1864159,    -5.85,   518.00,   860.00
-75.7470631,  36.1864495,    -5.96,   530.00,   860.00
-75.7469363,  36.1864832,    -6.07,   542.00,   860.00
-75.7468095,  36.1865169,    -6.18,   554.00,   860.00
-75.7466828,  36.1865505,    -6.30,   566.00,   860.00
-75.7465560,  36.1865842,    -6.40,   578.00,   860.00
-75.7464292,  36.1866179,    -6.53,   590.00,   860.00
-75.7463025,  36.1866516,    -6.64,   602.00,   860.00
-75.7461757,  36.1866852,    -6.75,   614.00,   860.00
-75.7460489,  36.1867189,    -6.85,   626.00,   860.00
-75.7459222,  36.1867526,    -6.94,   638.00,   860.00
-75.7457954,  36.1867862,    -7.05,   650.00,   860.00
-75.7456686,  36.1868199,    -7.15,   662.00,   860.00
-75.7455419,  36.1868536,    -7.27,   674.00,   860.00
-75.7454151,  36.1868872,    -7.34,   686.00,   860.00
-75.7452883,  36.1869209,    -7.42,   698.00,   860.00
-75.7451615,  36.1869546,    -7.51,   710.00,   860.00
-75.7450348,  36.1869882,    -7.60,   722.00,   860.00
-75.7449080,  36.1870219,    -7.69,   734.00,   860.00
-75.7447812,  36.1870556,    -7.78,   746.00,   860.00
-75.7446545,  36.1870892,    -7.86,   758.00,   860.00
-75.7445277,  36.1871229,    -7.94,   770.00,   860.00
-75.7444009,  36.1871566,    -8.04,   782.00,   860.00
-75.7442742,  36.1871902,    -8.13,   794.00,   860.00
-75.7441474,  36.1872239,    -8.18,   806.00,   860.00
-75.7440206,  36.1872576,    -8.20,   818.00,   860.00
-75.7438939,  36.1872912,    -8.22,   830.00,   860.00
-75.7522169,  36.1853084,     3.05,    50.00,   884.00
-75.7520902,  36.1853420,     2.39,    62.00,   884.00
-75.7519634,  36.1853757,     1.50,    74.00,   884.00
-75.7518366,  36.1854094,     0.45,    86.00,   884.00
-75.7517098,  36.1854430,    -0.60,    98.00,   884.00
-75.7515831,  36.1854767,    -1.67,   110.00,   884.00
-75.7514563,  36.1855104,    -2.50,   122.00,   884.00
-75.7513295,  36.1855440,    -2.87,   134.00,   884.00
-75.7512028,  36.1855777,    -2.99,   146.00,   884.00
-75.7510760,  36.1856114,    -3.02,   158.00,   884.00
-75.7509492,  36.1856450,    -3.00,   170.00,   884.00
-75.7508225,  36.1856787,    -3.00,   182.00,   884.00
-75.7506957,  36.1857124,    -2.99,   194.00,   884.00
-75.7505689,  36.1857460,    -2.97,   206.00,   884.00
-75.7504422,  36.1857797,    -2.96,   218.00,   884.00
-75.7503154,  36.1858134,    -2.96,   230.00,   884.00
-75.7501886,  36.1858471,    -2.97,   242.00,   884.00
-75.7500618,  36.1858807,    -3.02,   254.00,   884.00
-75.7499351,  36.1859144,    -3.11,   266.00,   884.00
-75.7498083,  36.1859481,    -3.21,   278.00,   884.00
-75.7496815,  36.1859817,    -3.33,   290.00,   884.00
-75.7495548,  36.1860154,    -3.45,   302.00,   884.00
-75.7494280,  36.1860491,    -3.57,   314.00,   884.00
-75.7493012,  36.1860827,    -3.70,   326.00,   884.00
-75.7491745,  36.1861164,    -3.82,   338.00,   884.00
-75.7490477,  36.1861501,    -3.96,   350.00,   884.00
-75.7489209,  36.1861837,    -4.11,   362.00,   884.00
-75.7487941,  36.1862174,    -4.25,   374.00,   884.00
-75.7486674,  36.1862511,    -4.40,   386.00,   884.00
-75.7485406,  36.1862847,    -4.56,   398.00,   884.00
-75.7484138,  36.1863184,    -4.72,   410.00,   884.00
-75.7482871,  36.1863521,    -4.87,   422.00,   884.00
-75.7481603,  36.1863857,    -4.99,   434.00,   884.00
-75.7480335,  36.1864194,    -5.10,   446.00,   884.00
-75.7479068,  36.1864531,    -5.23,   458.00,   884.00
-75.7477800,  36.1864867,    -5.36,   470.00,   884.00
-75.7476532,  36.1865204,    -5.50,   482.00,   884.00
-75.7475265,  36.1865541,    -5.62,   494.00,   884.00
-75.7473997,  36.1865877,    -5.75,   506.00,   884.00
-75.7472729,  36.1866214,    -5.86,   518.00,   884.00
-75.7471461,  36.1866551,    -5.97,   530.00,   884.00
-75.7470194,  36.1866888,    -6.07,   542.00,   884.00
-75.7468926,  36.1867224,    -6.18,   554.00,   884.00
-75.7467658,  36.1867561,    -6.30,   566.00,   884.00
-75.7466391,  36.1867898,    -6.41,   578.00,   884.00
-75.7465123,  36.1868234,    -6.53,   590.00,   884.00
-75.7463855,  36.1868571,    -6.65,   602.00,   884.00
-75.7462588,  36.1868908,    -6.76,   614.00,   884.00
-75.7461320,  36.1869244,    -6.86,   626.00,   884.00
-75.7460052,  36.1869581,    -6.96,   638.00,   884.00
-75.7458785,  36.1869918,    -7.07,   650.00,   884.00
-75.7457517,  36.1870254,    -7.17,   662.00,   884.00
-75.7456249,  36.1870591,    -7.27,   674.00,   884.00
-75.7454981,  36.1870928,    -7.36,   686.00,   884.00
-75.7453714,  36.1871264,    -7.44,   698.00,   884.00
-75.7452446,  36.1871601,    -7.53,   710.00,   884.00
-75.7451178,  36.1871938,    -7.63,   722.00,   884.00
-75.7449911,  36.1872274,    -7.71,   734.00,   884.00
-75.7448643,  36.1872611,    -7.79,   746.00,   884.00
-75.7447375,  36.1872948,    -7.87,   758.00,   884.00
-75.7446108,  36.1873284,    -7.95,   770.00,   884.00
-75.7444840,  36.1873621,    -8.03,   782.00,   884.00
-75.7443572,  36.1873958,    -8.10,   794.00,   884.00
-75.7442305,  36.1874295,    -8.15,   806.00,   884.00
-75.7441037,  36.1874631,    -8.18,   818.00,   884.00
-75.7439769,  36.1874968,    -8.21,   830.00,   884.00
-75.7523000,  36.1855139,     3.11,    50.00,   908.00
-75.7521732,  36.1855476,     2.41,    62.00,   908.00
-75.7520464,  36.1855812,     1.51,    74.00,   908.00
-75.7519197,  36.1856149,     0.47,    86.00,   908.00
-75.7517929,  36.1856486,    -0.66,    98.00,   908.00
-75.7516661,  36.1856822,    -1.72,   110.00,   908.00
-75.7515394,  36.1857159,    -2.47,   122.00,   908.00
-75.7514126,  36.1857496,    -2.91,   134.00,   908.00
-75.7512858,  36.1857832,    -3.10,   146.00,   908.00
-75.7511591,  36.1858169,    -3.14,   158.00,   908.00
-75.7510323,  36.1858506,    -3.15,   170.00,   908.00
-75.7509055,  36.1858843,    -3.14,   182.00,   908.00
-75.7507787,  36.1859179,    -3.12,   194.00,   908.00
-75.7506520,  36.1859516,    -3.09,   206.00,   908.00
-75.7505252,  36.1859853,    -3.05,   218.00,   908.00
-75.7503984,  36.1860189,    -3.01,   230.00,   908.00
-75.7502717,  36.1860526,    -3.01,   242.00,   908.00
-75.7501449,  36.1860863,    -3.03,   254.00,   908.00
-75.7500181,  36.1861199,    -3.10,   266.00,   908.00
-75.7498914,  36.1861536,    -3.20,   278.00,   908.00
-75.7497646,  36.1861873,    -3.32,   290.00,   908.00
-75.7496378,  36.1862209,    -3.44,   302.00,   908.00
-75.7495111,  36.1862546,    -3.57,   314.00,   908.00
-75.7493843,  36.1862883,    -3.70,   326.00,   908.00
-75.7492575,  36.1863219,    -3.84,   338.00,   908.00
-75.7491307,  36.1863556,    -3.97,   350.00,   908.00
-75.7490040,  36.1863893,    -4.11,   362.00,   908.00
-75.7488772,  36.1864229,    -4.25,   374.00,   908.00
-75.7487504,  36.1864566,    -4.40,   386.00,   908.00
-75.7486237,  36.1864903,    -4.55,   398.00,   908.00
-75.7484969,  36.1865239,    -4.70,   410.00,   908.00
-75.7483701,  36.1865576,    -4.85,   422.00,   908.00
-75.7482434,  36.1865913,    -4.98,   434.00,   908.00
-75.7481166,  36.1866249,    -5.11,   446.00,   908.00
-75.7479898,  36.1866586,    -5.23,   458.00,   908.00
-75.7478631,  36.1866923,    -5.36,   470.00,   908.00
-75.7477363,  36.1867260,    -5.50,   482.00,   908.00
-75.7476095,  36.1867596,    -5.63,   494.00,   908.00
-75.7474827,  36.1867933,    -5.75,   506.00,   908.00
-75.7473560,  36.1868270,    -5.86,   518.00,   908.00
-75.7472292,  36.1868606,    -5.98,   530.00,   908.00
-75.7471024,  36.1868943,    -6.10,   542.00,   908.00
-75.7469757,  36.1869280,    -6.21,   554.00,   908.00
-75.7468489,  36.1869616,    -6.33,   566.00,   908.00
-75.7467221,  36.1869953,    -6.44,   578.00,   908.00
-75.7465954,  36.1870290,    -6.56,   590.00,   908.00
-75.7464686,  36.1870626,    -6.67,   602.00,   908.00
-75.7463418,  36.1870963,    -6.79,   614.00,   908.00
-75.7462151,  36.1871300,    -6.90,   626.00,   908.00
-75.7460883,  36.1871636,    -7.00,   638.00,   908.00
-75.7459615,  36.1871973,    -7.09,   650.00,   908.00
-75.7458347,  36.1872310,    -7.18,   662.00,   908.00
-75.7457080,  36.1872646,    -7.28,   674.00,   908.00
-75.7455812,  36.1872983,    -7.37,   686.00,   908.00
-75.7454544,  36.1873320,    -7.47,   698.00,   908.00
-75.7453277,  36.1873656,    -7.57,   710.00,   908.00
-75.7452009,  36.1873993,    -7.65,   722.00,   908.00
-75.7450741,  36.1874330,    -7.74,   734.00,   908.00
-75.7449474,  36.1874667,    -7.82,   746.00,   908.00
-75.7448206,  36.1875003,    -7.91,   758.00,   908.00
-75.7446938,  36.1875340,    -7.98,   770.00,   908.00
-75.7445671,  36.1875677,    -8.04,   782.00,   908.00
-75.7444403,  36.1876013,    -8.09,   794.00,   908.00
-75.7443135,  36.1876350,    -8.14,   806.00,   908.00
-75.7441867,  36.1876687,    -8.17,   818.00,   908.00
-75.7440600,  36.1877023,    -8.18,   830.00,   908.00
-75.7523830,  36.1857194,     3.40,    50.00,   932.00
-75.7522563,  36.1857531,     2.66,    62.00,   932.00
-75.7521295,  36.1857868,     1.63,    74.00,   932.00
-75.7520027,  36.1858204,     0.66,    86.00,   932.00
-75.7518760,  36.1858541,    -0.66,    98.00,   932.00
-75.7517492,  36.1858878,    -2.14,   110.00,   932.00
-75.7516224,  36.1859215,    -2.69,   122.00,   932.00
-75.7514957,  36.1859551,    -2.97,   134.00,   932.00
-75.7513689,  36.1859888,    -3.18,   146.00,   932.00
-75.7512421,  36.1860225,    -3.21,   158.00,   932.00
-75.7511153,  36.1860561,    -3.29,   170.00,   932.00
-75.7509886,  36.1860898,    -3.23,   182.00,   932.00
-75.7508618,  36.1861235,    -3.25,   194.00,   932.00
-75.7507350,  36.1861571,    -3.16,   206.00,   932.00
-75.7506083,  36.1861908,    -3.13,   218.00,   932.00
-75.7504815,  36.1862245,    -3.04,   230.00,   932.00
-75.7503547,  36.1862581,    -3.01,   242.00,   932.00
-75.7502280,  36.1862918,    -3.03,   254.00,   932.00
-75.7501012,  36.1863255,    -3.10,   266.00,   932.00
-75.7499744,  36.1863591,    -3.19,   278.00,   932.00
-75.7498477,  36.1863928,    -3.32,   290.00,   932.00
-75.7497209,  36.1864265,    -3.43,   302.00,   932.00
-75.7495941,  36.1864601,    -3.57,   314.00,   932.00
-75.7494673,  36.1864938,    -3.70,   326.00,   932.00
-75.7493406,  36.1865275,    -3.87,   338.00,   932.00
-75.7492138,  36.1865611,    -3.99,   350.00,   932.00
-75.7490870,  36.1865948,    -4.11,   362.00,   932.00
-75.7489603,  36.1866285,    -4.24,   374.00,   932.00
-75.7488335,  36.1866621,    -4.39,   386.00,   932.00
-75.7487067,  36.1866958,    -4.59,   398.00,   932.00
-75.7485800,  36.1867295,    -4.68,   410.00,   932.00
-75.7484532,  36.1867632,    -4.83,   422.00,   932.00
-75.7483264,  36.1867968,    -4.98,   434.00,   932.00
-75.7481997,  36.1868305,    -5.10,   446.00,   932.00
-75.7480729,  36.1868642,    -5.20,   458.00,   932.00
-75.7479461,  36.1868978,    -5.36,   470.00,   932.00
-75.7478193,  36.1869315,    -5.50,   482.00,   932.00
-75.7476926,  36.1869652,    -5.64,   494.00,   932.00
-75.7475658,  36.1869988,    -5.75,   506.00,   932.00
-75.7474390,  36.1870325,    -5.86,   518.00,   932.00
-75.7473123,  36.1870662,    -5.99,   530.00,   932.00
-75.7471855,  36.1870998,    -6.12,   542.00,   932.00
-75.7470587,  36.1871335,    -6.23,   554.00,   932.00
-75.7469320,  36.1871672,    -6.34,   566.00,   932.00
-75.7468052,  36.1872008,    -6.50,   578.00,   932.00
-75.7466784,  36.1872345,    -6.57,   590.00,   932.00
-75.7465517,  36.1872682,    -6.71,   602.00,   932.00
-75.7464249,  36.1873018,    -6.80,   614.00,   932.00
-75.7462981,  36.1873355,    -6.94,   626.00,   932.00
-75.7461713,  36.1873692,    -7.02,   638.00,   932.00
-75.7460446,  36.1874028,    -7.11,   650.00,   932.00
-75.7459178,  36.1874365,    -7.20,   662.00,   932.00
-75.7457910,  36.1874702,    -7.30,   674.00,   932.00
-75.7456643,  36.1875039,    -7.37,   686.00,   932.00
-75.7455375,  36.1875375,    -7.49,   698.00,   932.00
-75.7454107,  36.1875712,    -7.59,   710.00,   932.00
-75.7452840,  36.1876049,    -7.67,   722.00,   932.00
-75.7451572,  36.1876385,    -7.75,   734.00,   932.00
-75.7450304,  36.1876722,    -7.85,   746.00,   932.00
-75.7449037,  36.1877059,    -7.93,   758.00,   932.00
-75.7447769,  36.1877395,    -8.01,   770.00,   932.00
-75.7446501,  36.1877732,    -8.05,   782.00,   932.00
-75.7445233,  36.1878069,    -8.10,   794.00,   932.00
-75.7443966,  36.1878405,    -8.15,   806.00,   932.00
-75.7442698,  36.1878742,    -8.18,   818.00,   932.00
-75.7441430,  36.1879079,    -8.17,   830.00,   932.00
-75.7524661,  36.1859250,     3.35,    50.00,   956.00
-75.7523393,  36.1859587,     2.57,    62.00,   956.00
-75.7522126,  36.1859923,     1.57,    74.00,   956.00
-75.7520858,  36.1860260,     0.46,    86.00,   956.00
-75.7519590,  36.1860597,    -0.73,    98.00,   956.00
-75.7518323,  36.1860933,    -1.86,   110.00,   956.00
-75.7517055,  36.1861270,    -2.67,   122.00,   956.00
-75.7515787,  36.1861607,    -3.10,   134.00,   956.00
-75.7514519,  36.1861943,    -3.27,   146.00,   956.00
-75.7513252,  36.1862280,    -3.31,   158.00,   956.00
-75.7511984,  36.1862617,    -3.29,   170.00,   956.00
-75.7510716,  36.1862953,    -3.28,   182.00,   956.00
-75.7509449,  36.1863290,    -3.27,   194.00,   956.00
-75.7508181,  36.1863627,    -3.23,   206.00,   956.00
-75.7506913,  36.1863963,    -3.15,   218.00,   956.00
-75.7505646,  36.1864300,    -3.08,   230.00,   956.00
-75.7504378,  36.1864637,    -3.05,   242.00,   956.00
-75.7503110,  36.1864973,    -3.07,   254.00,   956.00
-75.7501843,  36.1865310,    -3.14,   266.00,   956.00
-75.7500575,  36.1865647,    -3.23,   278.00,   956.00
-75.7499307,  36.1865983,    -3.34,   290.00,   956.00
-75.7498039,  36.1866320,    -3.47,   302.00,   956.00
-75.7496772,  36.1866657,    -3.60,   314.00,   956.00
-75.7495504,  36.1866993,    -3.74,   326.00,   956.00
-75.7494236,  36.1867330,    -3.88,   338.00,   956.00
-75.7492969,  36.1867667,    -4.00,   350.00,   956.00
-75.7491701,  36.1868004,    -4.12,   362.00,   956.00
-75.7490433,  36.1868340,    -4.26,   374.00,   956.00
-75.7489166,  36.1868677,    -4.40,   386.00,   956.00
-75.7487898,  36.1869014,    -4.55,   398.00,   956.00
-75.7486630,  36.1869350,    -4.69,   410.00,   956.00
-75.7485363,  36.1869687,    -4.83,   422.00,   956.00
-75.7484095,  36.1870024,    -4.96,   434.00,   956.00
-75.7482827,  36.1870360,    -5.10,   446.00,   956.00
-75.7481559,  36.1870697,    -5.23,   458.00,   956.00
-75.7480292,  36.1871034,    -5.37,   470.00,   956.00
-75.7479024,  36.1871370,    -5.50,   482.00,   956.00
-75.7477756,  36.1871707,    -5.62,   494.00,   956.00
-75.7476489,  36.1872044,    -5.74,   506.00,   956.00
-75.7475221,  36.1872380,    -5.86,   518.00,   956.00
-75.7473953,  36.1872717,    -5.99,   530.00,   956.00
-75.7472686,  36.1873054,    -6.11,   542.00,   956.00
-75.7471418,  36.1873390,    -6.23,   554.00,   956.00
-75.7470150,  36.1873727,    -6.35,   566.00,   956.00
-75.7468883,  36.1874064,    -6.47,   578.00,   956.00
-75.7467615,  36.1874400,    -6.58,   590.00,   956.00
-75.7466347,  36.1874737,    -6.69,   602.00,   956.00
-75.7465079,  36.1875074,    -6.80,   614.00,   956.00
-75.7463812,  36.1875411,    -6.91,   626.00,   956.00
-75.7462544,  36.1875747,    -7.01,   638.00,   956.00
-75.7461276,  36.1876084,    -7.10,   650.00,   956.00
-75.7460009,  36.1876421,    -7.20,   662.00,   956.00
-75.7458741,  36.1876757,    -7.29,   674.00,   956.00
-75.7457473,  36.1877094,    -7.39,   686.00,   956.00
-75.7456206,  36.1877431,    -7.49,   698.00,   956.00
-75.7454938,  36.1877767,    -7.58,   710.00,   956.00
-75.7453670,  36.1878104,    -7.66,   722.00,   956.00
-75.7452403,  36.1878441,    -7.75,   734.00,   956.00
-75.7451135,  36.1878777,    -7.84,   746.00,   956.00
-75.7449867,  36.1879114,    -7.92,   758.00,   956.00
-75.7448599,  36.1879451,    -7.99,   770.00,   956.00
-75.7447332,  36.1879787,    -8.05,   782.00,   956.00
-75.7446064,  36.1880124,    -8.11,   794.00,   956.00
-75.7444796,  36.1880461,    -8.15,   806.00,   956.00
-75.7443529,  36.1880797,    -8.18,   818.00,   956.00
-75.7442261,  36.1881134,    -8.18,   830.00,   956.00
-75.7525492,  36.1861305,     3.71,    50.00,   980.00
-75.7524224,  36.1861642,     2.72,    62.00,   980.00
-75.7522956,  36.1861979,     1.59,    74.00,   980.00
-75.7521689,  36.1862315,     0.58,    86.00,   980.00
-75.7520421,  36.1862652,    -0.66,    98.00,   980.00
-75.7519153,  36.1862989,    -2.09,   110.00,   980.00
-75.7517885,  36.1863325,    -3.00,   122.00,   980.00
-75.7516618,  36.1863662,    -3.31,   134.00,   980.00
-75.7515350,  36.1863999,    -3.48,   146.00,   980.00
-75.7514082,  36.1864335,    -3.40,   158.00,   980.00
-75.7512815,  36.1864672,    -3.20,   170.00,   980.00
-75.7511547,  36.1865009,    -3.34,   182.00,   980.00
-75.7510279,  36.1865345,    -3.41,   194.00,   980.00
-75.7509012,  36.1865682,    -3.32,   206.00,   980.00
-75.7507744,  36.1866019,    -3.18,   218.00,   980.00
-75.7506476,  36.1866355,    -3.04,   230.00,   980.00
-75.7505209,  36.1866692,    -3.02,   242.00,   980.00
-75.7503941,  36.1867029,    -3.06,   254.00,   980.00
-75.7502673,  36.1867365,    -3.14,   266.00,   980.00
-75.7501405,  36.1867702,    -3.24,   278.00,   980.00
-75.7500138,  36.1868039,    -3.36,   290.00,   980.00
-75.7498870,  36.1868376,    -3.50,   302.00,   980.00
-75.7497602,  36.1868712,    -3.63,   314.00,   980.00
-75.7496335,  36.1869049,    -3.77,   326.00,   980.00
-75.7495067,  36.1869386,    -3.91,   338.00,   980.00
-75.7493799,  36.1869722,    -4.01,   350.00,   980.00
-75.7492532,  36.1870059,    -4.14,   362.00,   980.00
-75.7491264,  36.1870396,    -4.26,   374.00,   980.00
-75.7489996,  36.1870732,    -4.40,   386.00,   980.00
-75.7488729,  36.1871069,    -4.57,   398.00,   980.00
-75.7487461,  36.1871406,    -4.69,   410.00,   980.00
-75.7486193,  36.1871742,    -4.81,   422.00,   980.00
-75.7484925,  36.1872079,    -4.95,   434.00,   980.00
-75.7483658,  36.1872416,    -5.11,   446.00,   980.00
-75.7482390,  36.1872752,    -5.25,   458.00,   980.00
-75.7481122,  36.1873089,    -5.37,   470.00,   980.00
-75.7479855,  36.1873426,    -5.52,   482.00,   980.00
-75.7478587,  36.1873762,    -5.62,   494.00,   980.00
-75.7477319,  36.1874099,    -5.74,   506.00,   980.00
-75.7476052,  36.1874436,    -5.87,   518.00,   980.00
-75.7474784,  36.1874772,    -5.98,   530.00,   980.00
-75.7473516,  36.1875109,    -6.10,   542.00,   980.00
-75.7472249,  36.1875446,    -6.23,   554.00,   980.00
-75.7470981,  36.1875783,    -6.35,   566.00,   980.00
-75.7469713,  36.1876119,    -6.46,   578.00,   980.00
-75.7468445,  36.1876456,    -6.58,   590.00,   980.00
-75.7467178,  36.1876793,    -6.69,   602.00,   980.00
-75.7465910,  36.1877129,    -6.81,   614.00,   980.00
-75.7464642,  36.1877466,    -6.89,   626.00,   980.00
-75.7463375,  36.1877803,    -6.99,   638.00,   980.00
-75.7462107,  36.1878139,    -7.09,   650.00,   980.00
-75.7460839,  36.1878476,    -7.19,   662.00,   980.00
-75.7459572,  36.1878813,    -7.28,   674.00,   980.00
-75.7458304,  36.1879149,    -7.39,   686.00,   980.00
-75.7457036,  36.1879486,    -7.51,   698.00,   980.00
-75.7455769,  36.1879823,    -7.57,   710.00,   980.00
-75.7454501,  36.1880159,    -7.66,   722.00,   980.00
-75.7453233,  36.1880496,    -7.76,   734.00,   980.00
-75.7451965,  36.1880833,    -7.84,   746.00,   980.00
-75.7450698,  36.1881169,    -7.91,   758.00,   980.00
-75.7449430,  36.1881506,    -7.98,   770.00,   980.00
-75.7448162,  36.1881843,    -8.05,   782.00,   980.00
-75.7446895,  36.1882179,    -8.16,   794.00,   980.00
-75.7445627,  36.1882516,    -8.17,   806.00,   980.00
-75.7444359,  36.1882853,    -8.19,   818.00,   980.00
-75.7443092,  36.1883190,    -8.20,   830.00,   980.00
-75.7526322,  36.1863361,     3.16,    50.00,  1004.00
-75.7525055,  36.1863697,     2.42,    62.00,  1004.00
-75.7523787,  36.1864034,     1.47,    74.00,  1004.00
-75.7522519,  36.1864371,     0.39,    86.00,  1004.00
-75.7521251,  36.1864707,    -0.77,    98.00,  1004.00
-75.7519984,  36.1865044,    -1.91,   110.00,  1004.00
-75.7518716,  36.1865381,    -2.73,   122.00,  1004.00
-75.7517448,  36.1865717,    -3.20,   134.00,  1004.00
-75.7516181,  36.1866054,    -3.44,   146.00,  1004.00
-75.7514913,  36.1866391,    -3.50,   158.00,  1004.00
-75.7513645,  36.1866727,    -3.50,   170.00,  1004.00
-75.7512378,  36.1867064,    -3.47,   182.00,  1004.00
-75.7511110,  36.1867401,    -3.40,   194.00,  1004.00
-75.7509842,  36.1867737,    -3.28,   206.00,  1004.00
-75.7508575,  36.1868074,    -3.13,   218.00,  1004.00
-75.7507307,  36.1868411,    -3.02,   230.00,  1004.00
-75.7506039,  36.1868748,    -3.00,   242.00,  1004.00
-75.7504771,  36.1869084,    -3.04,   254.00,  1004.00
-75.7503504,  36.1869421,    -3.13,   266.00,  1004.00
-75.7502236,  36.1869758,    -3.24,   278.00,  1004.00
-75.7500968,  36.1870094,    -3.36,   290.00,  1004.00
-75.7499701,  36.1870431,    -3.50,   302.00,  1004.00
-75.7498433,  36.1870768,    -3.64,   314.00,  1004.00
-75.7497165,  36.1871104,    -3.76,   326.00,  1004.00
-75.7495898,  36.1871441,    -3.89,   338.00,  1004.00
-75.7494630,  36.1871778,    -4.01,   350.00,  1004.00
-75.7493362,  36.1872114,    -4.13,   362.00,  1004.00
-75.7492095,  36.1872451,    -4.25,   374.00,  1004.00
-75.7490827,  36.1872788,    -4.39,   386.00,  1004.00
-75.7489559,  36.1873124,    -4.53,   398.00,  1004.00
-75.7488291,  36.1873461,    -4.67,   410.00,  1004.00
-75.7487024,  36.1873798,    -4.81,   422.00,  1004.00
-75.7485756,  36.1874134,    -4.95,   434.00,  1004.00
-75.7484488,  36.1874471,    -5.10,   446.00,  1004.00
-75.7483221,  36.1874808,    -5.24,   458.00,  1004.00
-75.7481953,  36.1875144,    -5.37,   470.00,  1004.00
-75.7480685,  36.1875481,    -5.49,   482.00,  1004.00
-75.7479418,  36.1875818,    -5.62,   494.00,  1004.00
-75.7478150,  36.1876155,    -5.74,   506.00,  1004.00
-75.7476882,  36.1876491,    -5.86,   518.00,  1004.00
-75.7475615,  36.1876828,    -5.99,   530.00,  1004.00
-75.7474347,  36.1877165,    -6.12,   542.00,  1004.00
-75.7473079,  36.1877501,    -6.24,   554.00,  1004.00
-75.7471811,  36.1877838,    -6.35,   566.00,  1004.00
-75.7470544,  36.1878175,    -6.46,   578.00,  1004.00
-75.7469276,  36.1878511,    -6.57,   590.00,  1004.00
-75.7468008,  36.1878848,    -6.68,   602.00,  1004.00
-75.7466741,  36.1879185,    -6.79,   614.00,  1004.00
-75.7465473,  36.1879521,    -6.89,   626.00,  1004.00
-75.7464205,  36.1879858,    -6.99,   638.00,  1004.00
-75.7462938,  36.1880195,    -7.09,   650.00,  1004.00
-75.7461670,  36.1880531,    -7.19,   662.00,  1004.00
-75.7460402,  36.1880868,    -7.30,   674.00,  1004.00
-75.7459135,  36.1881205,    -7.40,   686.00,  1004.00
-75.7457867,  36.1881541,    -7.50,   698.00,  1004.00
-75.7456599,  36.1881878,    -7.58,   710.00,  1004.00
-75.7455331,  36.1882215,    -7.66,   722.00,  1004.00
-75.7454064,  36.1882551,    -7.75,   734.00,  1004.00
-75.7452796,  36.1882888,    -7.83,   746.00,  1004.00
-75.7451528,  36.1883225,    -7.90,   758.00,  1004.00
-75.7450261,  36.1883562,    -7.98,   770.00,  1004.00
-75.7448993,  36.1883898,    -8.06,   782.00,  1004.00
-75.7447725,  36.1884235,    -8.13,   794.00,  1004.00
-75.7446458,  36.1884572,    -8.17,   806.00,  1004.00
-75.7445190,  36.1884908,    -8.20,   818.00,  1004.00
-75.7443922,  36.1885245,    -8.20,   830.00,  1004.00
-75.7527153,  36.1865416,     3.01,    50.00,  1028.00
-75.7525885,  36.1865753,     2.41,    62.00,  1028.00
-75.7524617,  36.1866089,     1.50,    74.00,  1028.00
-75.7523350,  36.1866426,     0.50,    86.00,  1028.00
-75.7522082,  36.1866763,    -0.71,    98.00,  1028.00
-75.7520814,  36.1867099,    -1.95,   110.00,  1028.00
-75.7519547,  36.1867436,    -2.82,   122.00,  1028.00
-75.7518279,  36.1867773,    -3.27,   134.00,  1028.00
-75.7517011,  36.1868109,    -3.52,   146.00,  1028.00
-75.7515744,  36.1868446,    -3.72,   158.00,  1028.00
-75.7514476,  36.1868783,    -3.77,   170.00,  1028.00
-75.7513208,  36.1869120,    -3.54,   182.00,  1028.00
-75.7511941,  36.1869456,    -3.49,   194.00,  1028.00
-75.7510673,  36.1869793,    -3.18,   206.00,  1028.00
-75.7509405,  36.1870130,    -2.99,   218.00,  1028.00
-75.7508137,  36.1870466,    -2.91,   230.00,  1028.00
-75.7506870,  36.1870803,    -2.93,   242.00,  1028.00
-75.7505602,  36.1871140,    -3.02,   254.00,  1028.00
-75.7504334,  36.1871476,    -3.12,   266.00,  1028.00
-75.7503067,  36.1871813,    -3.24,   278.00,  1028.00
-75.7501799,  36.1872150,    -3.36,   290.00,  1028.00
-75.7500531,  36.1872486,    -3.51,   302.00,  1028.00
-75.7499264,  36.1872823,    -3.64,   314.00,  1028.00
-75.7497996,  36.1873160,    -3.77,   326.00,  1028.00
-75.7496728,  36.1873496,    -3.90,   338.00,  1028.00
-75.7495461,  36.1873833,    -3.98,   350.00,  1028.00
-75.7494193,  36.1874170,    -4.14,   362.00,  1028.00
-75.7492925,  36.1874506,    -4.22,   374.00,  1028.00
-75.7491657,  36.1874843,    -4.34,   386.00,  1028.00
-75.7490390,  36.1875180,    -4.49,   398.00,  1028.00
-75.7489122,  36.1875516,    -4.64,   410.00,  1028.00
-75.7487854,  36.1875853,    -4.81,   422.00,  1028.00
-75.7486587,  36.1876190,    -4.96,   434.00,  1028.00
-75.7485319,  36.1876527,    -5.08,   446.00,  1028.00
-75.7484051,  36.1876863,    -5.21,   458.00,  1028.00
-75.7482784,  36.1877200,    -5.38,   470.00,  1028.00
-75.7481516,  36.1877537,    -5.49,   482.00,  1028.00
-75.7480248,  36.1877873,    -5.61,   494.00,  1028.00
-75.7478981,  36.1878210,    -5.74,   506.00,  1028.00
-75.7477713,  36.1878547,    -5.87,   518.00,  1028.00
-75.7476445,  36.1878883,    -6.00,   530.00,  1028.00
-75.7475177,  36.1879220,    -6.12,   542.00,  1028.00
-75.7473910,  36.1879557,    -6.26,   554.00,  1028.00
-75.7472642,  36.1879893,    -6.38,   566.00,  1028.00
-75.7471374,  36.1880230,    -6.46,   578.00,  1028.00
-75.7470107,  36.1880567,    -6.57,   590.00,  1028.00
-75.7468839,  36.1880903,    -6.68,   602.00,  1028.00
-75.7467571,  36.1881240,    -6.78,   614.00,  1028.00
-75.7466304,  36.1881577,    -6.89,   626.00,  1028.00
-75.7465036,  36.1881913,    -6.99,   638.00,  1028.00
-75.7463768,  36.1882250,    -7.09,   650.00,  1028.00
-75.7462500,  36.1882587,    -7.22,   662.00,  1028.00
-75.7461233,  36.1882923,    -7.32,   674.00,  1028.00
-75.7459965,  36.1883260,    -7.43,   686.00,  1028.00
-75.7458697,  36.1883597,    -7.51,   698.00,  1028.00
-75.7457430,  36.1883934,    -7.59,   710.00,  1028.00
-75.7456162,  36.1884270,    -7.65,   722.00,  1028.00
-75.7454894,  36.1884607,    -7.75,   734.00,  1028.00
-75.7453627,  36.1884944,    -7.83,   746.00,  1028.00
-75.7452359,  36.1885280,    -7.88,   758.00,  1028.00
-75.7451091,  36.1885617,    -7.98,   770.00,  1028.00
-75.7449824,  36.1885954,    -8.07,   782.00,  1028.00
-75.7448556,  36.1886290,    -8.14,   794.00,  1028.00
-75.7447288,  36.1886627,    -8.17,   806.00,  1028.00
-75.7446020,  36.1886964,    -8.20,   818.00,  1028.00
-75.7444753,  36.1887300,    -8.22,   830.00,  1028.00
-75.7527983,  36.1867471,     2.97,    50.00,  1052.00
-75.7526716,  36.1867808,     2.65,    62.00,  1052.00
-75.7525448,  36.1868145,     1.60,    74.00,  1052.00
-75.7524180,  36.1868481,     0.49,    86.00,  1052.00
-75.7522913,  36.1868818,    -0.69,    98.00,  1052.00
-75.7521645,  36.1869155,    -1.86,   110.00,  1052.00
-75.7520377,  36.1869492,    -2.74,   122.00,  1052.00
-75.7519110,  36.1869828,    -3.28,   134.00,  1052.00
-75.7517842,  36.1870165,    -3.58,   146.00,  1052.00
-75.7516574,  36.1870502,    -3.73,   158.00,  1052.00
-75.7515307,  36.1870838,    -3.73,   170.00,  1052.00
-75.7514039,  36.1871175,    -3.56,   182.00,  1052.00
-75.7512771,  36.1871512,    -3.30,   194.00,  1052.00
-75.7511503,  36.1871848,    -3.03,   206.00,  1052.00
-75.7510236,  36.1872185,    -2.86,   218.00,  1052.00
-75.7508968,  36.1872522,    -2.82,   230.00,  1052.00
-75.7507700,  36.1872858,    -2.89,   242.00,  1052.00
-75.7506433,  36.1873195,    -3.00,   254.00,  1052.00
-75.7505165,  36.1873532,    -3.13,   266.00,  1052.00
-75.7503897,  36.1873868,    -3.27,   278.00,  1052.00
-75.7502630,  36.1874205,    -3.41,   290.00,  1052.00
-75.7501362,  36.1874542,    -3.56,   302.00,  1052.00
-75.7500094,  36.1874878,    -3.69,   314.00,  1052.00
-75.7498827,  36.1875215,    -3.81,   326.00,  1052.00
-75.7497559,  36.1875552,    -3.93,   338.00,  1052.00
-75.7496291,  36.1875888,    -4.04,   350.00,  1052.00
-75.7495023,  36.1876225,    -4.16,   362.00,  1052.00
-75.7493756,  36.1876562,    -4.27,   374.00,  1052.00
-75.7492488,  36.1876899,    -4.40,   386.00,  1052.00
-75.7491220,  36.1877235,    -4.53,   398.00,  1052.00
-75.7489953,  36.1877572,    -4.68,   410.00,  1052.00
-75.7488685,  36.1877909,    -4.83,   422.00,  1052.00
-75.7487417,  36.1878245,    -4.97,   434.00,  1052.00
-75.7486150,  36.1878582,    -5.10,   446.00,  1052.00
-75.7484882,  36.1878919,    -5.24,   458.00,  1052.00
-75.7483614,  36.1879255,    -5.38,   470.00,  1052.00
-75.7482347,  36.1879592,    -5.51,   482.00,  1052.00
-75.7481079,  36.1879929,    -5.64,   494.00,  1052.00
-75.7479811,  36.1880265,    -5.76,   506.00,  1052.00
-75.7478543,  36.1880602,    -5.88,   518.00,  1052.00
-75.7477276,  36.1880939,    -6.00,   530.00,  1052.00
-75.7476008,  36.1881275,    -6.12,   542.00,  1052.00
-75.7474740,  36.1881612,    -6.25,   554.00,  1052.00
-75.7473473,  36.1881949,    -6.36,   566.00,  1052.00
-75.7472205,  36.1882285,    -6.47,   578.00,  1052.00
-75.7470937,  36.1882622,    -6.57,   590.00,  1052.00
-75.7469670,  36.1882959,    -6.68,   602.00,  1052.00
-75.7468402,  36.1883295,    -6.79,   614.00,  1052.00
-75.7467134,  36.1883632,    -6.90,   626.00,  1052.00
-75.7465866,  36.1883969,    -7.00,   638.00,  1052.00
-75.7464599,  36.1884306,    -7.10,   650.00,  1052.00
-75.7463331,  36.1884642,    -7.21,   662.00,  1052.00
-75.7462063,  36.1884979,    -7.32,   674.00,  1052.00
-75.7460796,  36.1885316,    -7.43,   686.00,  1052.00
-75.7459528,  36.1885652,    -7.52,   698.00,  1052.00
-75.7458260,  36.1885989,    -7.61,   710.00,  1052.00
-75.7456993,  36.1886326,    -7.68,   722.00,  1052.00
-75.7455725,  36.1886662,    -7.75,   734.00,  1052.00
-75.7454457,  36.1886999,    -7.83,   746.00,  1052.00
-75.7453190,  36.1887336,    -7.90,   758.00,  1052.00
-75.7451922,  36.1887672,    -7.99,   770.00,  1052.00
-75.7450654,  36.1888009,    -8.07,   782.00,  1052.00
-75.7449386,  36.1888346,    -8.15,   794.00,  1052.00
-75.7448119,  36.1888682,    -8.20,   806.00,  1052.00
-75.7446851,  36.1889019,    -8.23,   818.00,  1052.00
-75.7445583,  36.1889356,    -8.23,   830.00,  1052.00
-75.7528814,  36.1869527,     2.77,    50.00,  1076.00
-75.7527546,  36.1869864,     2.24,    62.00,  1076.00
-75.7526279,  36.1870200,     1.38,    74.00,  1076.00
-75.7525011,  36.1870537,     0.36,    86.00,  1076.00
-75.7523743,  36.1870874,    -0.78,    98.00,  1076.00
-75.7522476,  36.1871210,    -2.23,   110.00,  1076.00
-75.7521208,  36.1871547,    -3.05,   122.00,  1076.00
-75.7519940,  36.1871884,    -3.45,   134.00,  1076.00
-75.7518673,  36.1872220,    -3.69,   146.00,  1076.00
-75.7517405,  36.1872557,    -3.78,   158.00,  1076.00
-75.7516137,  36.1872894,    -3.88,   170.00,  1076.00
-75.7514869,  36.1873230,    -3.69,   182.00,  1076.00
-75.7513602,  36.1873567,    -3.21,   194.00,  1076.00
-75.7512334,  36.1873904,    -2.84,   206.00,  1076.00
-75.7511066,  36.1874240,    -2.71,   218.00,  1076.00
-75.7509799,  36.1874577,    -2.75,   230.00,  1076.00
-75.7508531,  36.1874914,    -2.86,   242.00,  1076.00
-75.7507263,  36.1875250,    -3.01,   254.00,  1076.00
-75.7505996,  36.1875587,    -3.16,   266.00,  1076.00
-75.7504728,  36.1875924,    -3.29,   278.00,  1076.00
-75.7503460,  36.1876260,    -3.45,   290.00,  1076.00
-75.7502193,  36.1876597,    -3.64,   302.00,  1076.00
-75.7500925,  36.1876934,    -3.72,   314.00,  1076.00
-75.7499657,  36.1877271,    -3.82,   326.00,  1076.00
-75.7498389,  36.1877607,    -3.95,   338.00,  1076.00
-75.7497122,  36.1877944,    -4.07,   350.00,  1076.00
-75.7495854,  36.1878281,    -4.22,   362.00,  1076.00
-75.7494586,  36.1878617,    -4.31,   374.00,  1076.00
-75.7493319,  36.1878954,    -4.44,   386.00,  1076.00
-75.7492051,  36.1879291,    -4.52,   398.00,  1076.00
-75.7490783,  36.1879627,    -4.77,   410.00,  1076.00
-75.7489516,  36.1879964,    -4.80,   422.00,  1076.00
-75.7488248,  36.1880301,    -4.94,   434.00,  1076.00
-75.7486980,  36.1880637,    -5.13,   446.00,  1076.00
-75.7485712,  36.1880974,    -5.25,   458.00,  1076.00
-75.7484445,  36.1881311,    -5.40,   470.00,  1076.00
-75.7483177,  36.1881647,    -5.53,   482.00,  1076.00
-75.7481909,  36.1881984,    -5.65,   494.00,  1076.00
-75.7480642,  36.1882321,    -5.78,   506.00,  1076.00
-75.7479374,  36.1882657,    -5.89,   518.00,  1076.00
-75.7478106,  36.1882994,    -6.01,   530.00,  1076.00
-75.7476839,  36.1883331,    -6.13,   542.00,  1076.00
-75.7475571,  36.1883667,    -6.26,   554.00,  1076.00
-75.7474303,  36.1884004,    -6.35,   566.00,  1076.00
-75.7473036,  36.1884341,    -6.46,   578.00,  1076.00
-75.7471768,  36.1884678,    -6.58,   590.00,  1076.00
-75.7470500,  36.1885014,    -6.70,   602.00,  1076.00
-75.7469232,  36.1885351,    -6.80,   614.00,  1076.00
-75.7467965,  36.1885688,    -6.91,   626.00,  1076.00
-75.7466697,  36.1886024,    -7.01,   638.00,  1076.00
-75.7465429,  36.1886361,    -7.10,   650.00,  1076.00
-75.7464162,  36.1886698,    -7.21,   662.00,  1076.00
-75.7462894,  36.1887034,    -7.31,   674.00,  1076.00
-75.7461626,  36.1887371,    -7.41,   686.00,  1076.00
-75.7460359,  36.1887708,    -7.53,   698.00,  1076.00
-75.7459091,  36.1888044,    -7.63,   710.00,  1076.00
-75.7457823,  36.1888381,    -7.72,   722.00,  1076.00
-75.7456556,  36.1888718,    -7.78,   734.00,  1076.00
-75.7455288,  36.1889054,    -7.83,   746.00,  1076.00
-75.7454020,  36.1889391,    -7.91,   758.00,  1076.00
-75.7452752,  36.1889728,    -8.00,   770.00,  1076.00
-75.7451485,  36.1890064,    -8.08,   782.00,  1076.00
-75.7450217,  36.1890401,    -8.17,   794.00,  1076.00
-75.7448949,  36.1890738,    -8.23,   806.00,  1076.00
-75.7447682,  36.1891074,    -8.24,   818.00,  1076.00
-75.7446414,  36.1891411,    -8.25,   830.00,  1076.00
-75.7529645,  36.1871582,     2.69,    50.00,  1100.00
-75.7528377,  36.1871919,     2.12,    62.00,  1100.00
-75.7527109,  36.1872256,     1.31,    74.00,  1100.00
-75.7525842,  36.1872592,     0.28,    86.00,  1100.00
-75.7524574,  36.1872929,    -0.84,    98.00,  1100.00
-75.7523306,  36.1873266,    -1.90,   110.00,  1100.00
-75.7522039,  36.1873602,    -2.74,   122.00,  1100.00
-75.7520771,  36.1873939,    -3.29,   134.00,  1100.00
-75.7519503,  36.1874276,    -3.65,   146.00,  1100.00
-75.7518235,  36.1874612,    -3.80,   158.00,  1100.00
-75.7516968,  36.1874949,    -3.72,   170.00,  1100.00
-75.7515700,  36.1875286,    -3.40,   182.00,  1100.00
-75.7514432,  36.1875622,    -3.03,   194.00,  1100.00
-75.7513165,  36.1875959,    -2.77,   206.00,  1100.00
-75.7511897,  36.1876296,    -2.68,   218.00,  1100.00
-75.7510629,  36.1876632,    -2.75,   230.00,  1100.00
-75.7509362,  36.1876969,    -2.87,   242.00,  1100.00
-75.7508094,  36.1877306,    -3.02,   254.00,  1100.00
-75.7506826,  36.1877643,    -3.17,   266.00,  1100.00
-75.7505558,  36.1877979,    -3.32,   278.00,  1100.00
-75.7504291,  36.1878316,    -3.47,   290.00,  1100.00
-75.7503023,  36.1878653,    -3.62,   302.00,  1100.00
-75.7501755,  36.1878989,    -3.74,   314.00,  1100.00
-75.7500488,  36.1879326,    -3.85,   326.00,  1100.00
-75.7499220,  36.1879663,    -3.96,   338.00,  1100.00
-75.7497952,  36.1879999,    -4.08,   350.00,  1100.00
-75.7496685,  36.1880336,    -4.21,   362.00,  1100.00
-75.7495417,  36.1880673,    -4.33,   374.00,  1100.00
-75.7494149,  36.1881009,    -4.45,   386.00,  1100.00
-75.7492882,  36.1881346,    -4.58,   398.00,  1100.00
-75.7491614,  36.1881683,    -4.71,   410.00,  1100.00
-75.7490346,  36.1882019,    -4.84,   422.00,  1100.00
-75.7489078,  36.1882356,    -4.97,   434.00,  1100.00
-75.7487811,  36.1882693,    -5.11,   446.00,  1100.00
-75.7486543,  36.1883029,    -5.26,   458.00,  1100.00
-75.7485275,  36.1883366,    -5.40,   470.00,  1100.00
-75.7484008,  36.1883703,    -5.54,   482.00,  1100.00
-75.7482740,  36.1884039,    -5.67,   494.00,  1100.00
-75.7481472,  36.1884376,    -5.80,   506.00,  1100.00
-75.7480205,  36.1884713,    -5.91,   518.00,  1100.00
-75.7478937,  36.1885050,    -6.03,   530.00,  1100.00
-75.7477669,  36.1885386,    -6.15,   542.00,  1100.00
-75.7476402,  36.1885723,    -6.26,   554.00,  1100.00
-75.7475134,  36.1886060,    -6.37,   566.00,  1100.00
-75.7473866,  36.1886396,    -6.49,   578.00,  1100.00
-75.7472598,  36.1886733,    -6.60,   590.00,  1100.00
-75.7471331,  36.1887070,    -6.72,   602.00,  1100.00
-75.7470063,  36.1887406,    -6.83,   614.00,  1100.00
-75.7468795,  36.1887743,    -6.94,   626.00,  1100.00
-75.7467528,  36.1888080,    -7.04,   638.00,  1100.00
-75.7466260,  36.1888416,    -7.13,   650.00,  1100.00
-75.7464992,  36.1888753,    -7.23,   662.00,  1100.00
-75.7463725,  36.1889090,    -7.33,   674.00,  1100.00
-75.7462457,  36.1889426,    -7.43,   686.00,  1100.00
-75.7461189,  36.1889763,    -7.53,   698.00,  1100.00
-75.7459922,  36.1890100,    -7.63,   710.00,  1100.00
-75.7458654,  36.1890436,    -7.71,   722.00,  1100.00
-75.7457386,  36.1890773,    -7.78,   734.00,  1100.00
-75.7456118,  36.1891110,    -7.86,   746.00,  1100.00
-75.7454851,  36.1891446,    -7.93,   758.00,  1100.00
-75.7453583,  36.1891783,    -8.01,   770.00,  1100.00
-75.7452315,  36.1892120,    -8.08,   782.00,  1100.00
-75.7451048,  36.1892457,    -8.15,   794.00,  1100.00
-75.7449780,  36.1892793,    -8.20,   806.00,  1100.00
-75.7448512,  36.1893130,    -8.23,   818.00,  1100.00
-75.7447245,  36.1893467,    -8.25,   830.00,  1100.00
